0.000000e+00	3.398632e-01
4.780441e+01	3.398632e-01
9.560882e+01	3.398632e-01
1.434132e+02	3.398632e-01
1.912176e+02	3.398632e-01
2.390220e+02	3.398632e-01
2.868264e+02	3.398632e-01
3.346309e+02	3.398632e-01
3.824353e+02	3.398632e-01
4.302397e+02	3.398632e-01
4.780441e+02	3.398632e-01
5.258485e+02	3.398632e-01
5.736529e+02	3.398632e-01
6.214573e+02	3.398632e-01
6.692617e+02	3.398632e-01
7.170661e+02	3.398632e-01
7.648705e+02	3.398632e-01
8.126749e+02	3.398632e-01
8.604793e+02	3.398632e-01
9.082838e+02	3.398632e-01
9.560882e+02	3.398632e-01
1.003893e+03	3.398632e-01
1.051697e+03	3.398632e-01
1.099501e+03	3.398632e-01
1.147306e+03	3.398632e-01
1.195110e+03	3.398632e-01
1.242915e+03	3.398632e-01
1.290719e+03	3.398632e-01
1.338523e+03	3.398632e-01
1.386328e+03	3.398632e-01
1.434132e+03	3.398632e-01
1.481937e+03	3.398632e-01
1.529741e+03	3.398632e-01
1.577545e+03	3.398632e-01
1.625350e+03	3.398632e-01
1.673154e+03	3.398632e-01
1.720959e+03	3.398632e-01
1.768763e+03	3.398632e-01
1.816568e+03	3.398632e-01
1.864372e+03	3.398632e-01
1.912176e+03	3.398632e-01
1.959981e+03	3.398632e-01
2.007785e+03	3.398632e-01
2.055590e+03	3.398632e-01
2.103394e+03	3.398632e-01
2.151198e+03	3.398632e-01
2.199003e+03	3.398632e-01
2.246807e+03	3.398632e-01
2.294612e+03	3.398632e-01
2.342416e+03	3.398632e-01
2.390220e+03	3.398632e-01
2.438025e+03	3.398632e-01
2.485829e+03	3.398632e-01
2.533634e+03	3.398632e-01
2.581438e+03	3.398632e-01
2.629242e+03	3.398632e-01
2.677047e+03	3.398632e-01
2.724851e+03	3.398632e-01
2.772656e+03	3.398632e-01
2.820460e+03	3.398632e-01
2.868264e+03	3.398632e-01
2.916069e+03	3.398632e-01
2.963873e+03	3.398632e-01
3.011678e+03	3.398632e-01
3.059482e+03	3.398632e-01
3.107287e+03	3.398632e-01
3.155091e+03	3.398632e-01
3.202895e+03	3.398632e-01
3.250700e+03	3.398632e-01
3.298504e+03	3.398632e-01
3.346309e+03	3.398632e-01
3.394113e+03	3.398632e-01
3.441917e+03	3.398632e-01
3.489722e+03	3.398632e-01
3.537526e+03	3.398632e-01
3.585331e+03	3.398632e-01
3.633135e+03	3.398632e-01
3.680939e+03	3.398632e-01
3.728744e+03	3.398632e-01
3.776548e+03	3.398632e-01
3.824353e+03	3.398632e-01
3.872157e+03	3.398632e-01
3.919961e+03	3.398632e-01
3.967766e+03	3.398632e-01
4.015570e+03	3.398632e-01
4.063375e+03	3.398632e-01
4.111179e+03	3.398632e-01
4.158984e+03	3.398632e-01
4.206788e+03	3.398632e-01
4.254592e+03	3.398632e-01
4.302397e+03	3.398632e-01
4.350201e+03	3.398632e-01
4.398006e+03	3.398632e-01
4.445810e+03	3.398632e-01
4.493614e+03	3.398632e-01
4.541419e+03	3.398632e-01
4.589223e+03	3.398632e-01
4.637028e+03	3.398632e-01
4.684832e+03	3.398632e-01
4.732636e+03	3.398632e-01
4.780441e+03	3.398632e-01
4.828245e+03	3.398632e-01
4.876050e+03	3.398632e-01
4.923854e+03	3.398632e-01
4.971658e+03	3.398632e-01
5.019463e+03	3.398632e-01
5.067267e+03	3.398632e-01
5.115072e+03	3.398632e-01
5.162876e+03	3.398632e-01
5.210681e+03	3.398632e-01
5.258485e+03	3.398632e-01
5.306289e+03	3.398632e-01
5.354094e+03	3.398632e-01
5.401898e+03	3.398632e-01
5.449703e+03	3.398632e-01
5.497507e+03	3.398632e-01
5.545311e+03	3.398632e-01
5.593116e+03	3.398632e-01
5.640920e+03	3.398632e-01
5.688725e+03	3.398632e-01
5.736529e+03	3.398632e-01
5.784333e+03	3.398632e-01
5.832138e+03	3.398632e-01
5.879942e+03	3.398632e-01
5.927747e+03	3.398632e-01
5.975551e+03	3.398632e-01
6.023355e+03	3.398632e-01
6.071160e+03	3.398632e-01
6.118964e+03	3.398632e-01
6.166769e+03	3.398632e-01
6.214573e+03	3.398632e-01
6.262377e+03	3.398632e-01
6.310182e+03	3.398632e-01
6.357986e+03	3.398632e-01
6.405791e+03	3.398632e-01
6.453595e+03	3.398632e-01
6.501400e+03	3.398632e-01
6.549204e+03	3.398632e-01
6.597008e+03	3.398632e-01
6.644813e+03	3.398632e-01
6.692617e+03	3.398632e-01
6.740422e+03	3.398632e-01
6.788226e+03	3.398632e-01
6.836030e+03	3.398632e-01
6.883835e+03	3.398632e-01
6.931639e+03	3.398632e-01
6.979444e+03	3.398632e-01
7.027248e+03	3.398632e-01
7.075052e+03	3.398632e-01
7.122857e+03	3.398632e-01
7.170661e+03	3.398632e-01
7.218466e+03	3.398632e-01
7.266270e+03	3.398632e-01
7.314074e+03	3.398632e-01
7.361879e+03	3.398632e-01
7.409683e+03	3.398632e-01
7.457488e+03	3.398632e-01
7.505292e+03	3.398632e-01
7.553097e+03	3.398632e-01
7.600901e+03	3.398632e-01
7.648705e+03	3.398632e-01
7.696510e+03	3.398632e-01
7.744314e+03	3.398632e-01
7.792119e+03	3.398632e-01
7.839923e+03	3.398632e-01
7.887727e+03	3.398632e-01
7.935532e+03	3.398632e-01
7.983336e+03	3.398632e-01
8.031141e+03	3.398632e-01
8.078945e+03	3.398632e-01
8.126749e+03	3.398632e-01
8.174554e+03	3.398632e-01
8.222358e+03	3.398632e-01
8.270163e+03	3.398632e-01
8.317967e+03	3.398632e-01
8.365771e+03	3.398632e-01
8.413576e+03	3.398632e-01
8.461380e+03	3.398632e-01
8.509185e+03	3.398632e-01
8.556989e+03	3.398632e-01
8.604793e+03	3.398632e-01
8.652598e+03	3.398632e-01
8.700402e+03	3.398632e-01
8.748207e+03	3.398632e-01
8.796011e+03	3.398632e-01
8.843816e+03	3.398632e-01
8.891620e+03	3.398632e-01
8.939424e+03	3.398632e-01
8.987229e+03	3.398632e-01
9.035033e+03	3.398632e-01
9.082838e+03	3.398632e-01
9.130642e+03	3.398632e-01
9.178446e+03	3.398632e-01
9.226251e+03	3.398632e-01
9.274055e+03	3.398632e-01
9.321860e+03	3.398632e-01
9.369664e+03	3.398632e-01
9.417468e+03	3.398632e-01
9.465273e+03	3.398632e-01
9.513077e+03	3.398632e-01
9.560882e+03	3.398632e-01
9.608686e+03	3.398632e-01
9.656490e+03	3.398632e-01
9.704295e+03	3.398632e-01
9.752099e+03	3.398632e-01
9.799904e+03	3.398632e-01
9.847708e+03	3.398632e-01
9.895513e+03	3.398632e-01
9.943317e+03	3.398632e-01
9.991121e+03	3.398632e-01
1.003893e+04	3.398632e-01
1.008673e+04	3.398632e-01
1.013453e+04	3.398632e-01
1.018234e+04	3.398632e-01
1.023014e+04	3.398632e-01
1.027795e+04	3.398632e-01
1.032575e+04	3.398632e-01
1.037356e+04	3.398632e-01
1.042136e+04	3.398632e-01
1.046917e+04	3.398632e-01
1.051697e+04	3.398632e-01
1.056477e+04	3.398632e-01
1.061258e+04	3.398632e-01
1.066038e+04	3.398632e-01
1.070819e+04	3.398632e-01
1.075599e+04	3.398632e-01
1.080380e+04	3.398632e-01
1.085160e+04	3.398632e-01
1.089941e+04	3.398632e-01
1.094721e+04	3.398632e-01
1.099501e+04	3.398632e-01
1.104282e+04	3.398632e-01
1.109062e+04	3.398632e-01
1.113843e+04	3.398632e-01
1.118623e+04	3.398632e-01
1.123404e+04	3.398632e-01
1.128184e+04	3.398632e-01
1.132964e+04	3.398632e-01
1.137745e+04	3.398632e-01
1.142525e+04	3.398632e-01
1.147306e+04	3.398632e-01
1.152086e+04	3.398632e-01
1.156867e+04	3.398632e-01
1.161647e+04	3.398632e-01
1.166428e+04	3.398632e-01
1.171208e+04	3.398632e-01
1.175988e+04	3.398632e-01
1.180769e+04	3.398632e-01
1.185549e+04	3.398632e-01
1.190330e+04	3.398632e-01
1.195110e+04	3.398632e-01
1.199891e+04	3.398632e-01
1.204671e+04	3.398632e-01
1.209452e+04	3.398632e-01
1.214232e+04	3.398632e-01
1.219012e+04	3.398632e-01
1.223793e+04	3.398632e-01
1.228573e+04	3.398632e-01
1.233354e+04	3.398632e-01
1.238134e+04	3.398632e-01
1.242915e+04	3.398632e-01
1.247695e+04	3.398632e-01
1.252475e+04	3.398632e-01
1.257256e+04	3.398632e-01
1.262036e+04	3.398632e-01
1.266817e+04	3.398632e-01
1.271597e+04	3.398632e-01
1.276378e+04	3.398632e-01
1.281158e+04	3.398632e-01
1.285939e+04	3.398632e-01
1.290719e+04	3.398632e-01
1.295499e+04	3.398632e-01
1.300280e+04	3.398632e-01
1.305060e+04	3.398632e-01
1.309841e+04	3.398632e-01
1.314621e+04	3.398632e-01
1.319402e+04	3.398632e-01
1.324182e+04	3.398632e-01
1.328963e+04	3.398632e-01
1.333743e+04	3.398632e-01
1.338523e+04	3.398632e-01
1.343304e+04	3.398632e-01
1.348084e+04	3.398632e-01
1.352865e+04	3.398632e-01
1.357645e+04	3.398632e-01
1.362426e+04	3.398632e-01
1.367206e+04	3.398632e-01
1.371987e+04	3.398632e-01
1.376767e+04	3.398632e-01
1.381547e+04	3.398632e-01
1.386328e+04	3.398632e-01
1.391108e+04	3.398632e-01
1.395889e+04	3.398632e-01
1.400669e+04	3.398632e-01
1.405450e+04	3.398632e-01
1.410230e+04	3.398632e-01
1.415010e+04	3.398632e-01
1.419791e+04	3.398632e-01
1.424571e+04	3.398632e-01
1.429352e+04	3.398632e-01
1.434132e+04	3.398632e-01
1.438913e+04	3.398632e-01
1.443693e+04	3.398632e-01
1.448474e+04	3.398632e-01
1.453254e+04	3.398632e-01
1.458034e+04	3.398632e-01
1.462815e+04	3.398632e-01
1.467595e+04	3.398632e-01
1.472376e+04	3.398632e-01
1.477156e+04	3.398632e-01
1.481937e+04	3.398632e-01
1.486717e+04	3.398632e-01
1.491498e+04	3.398632e-01
1.496278e+04	3.398632e-01
1.501058e+04	3.398632e-01
1.505839e+04	3.398632e-01
1.510619e+04	3.398632e-01
1.515400e+04	3.398632e-01
1.520180e+04	3.398632e-01
1.524961e+04	3.398632e-01
1.529741e+04	3.398632e-01
1.534522e+04	3.398632e-01
1.539302e+04	3.398632e-01
1.544082e+04	3.398632e-01
1.548863e+04	3.398632e-01
1.553643e+04	3.398632e-01
1.558424e+04	3.398632e-01
1.563204e+04	3.398632e-01
1.567985e+04	3.398632e-01
1.572765e+04	3.398632e-01
1.577545e+04	3.398632e-01
1.582326e+04	3.398632e-01
1.587106e+04	3.398632e-01
1.591887e+04	3.398632e-01
1.596667e+04	3.398632e-01
1.601448e+04	3.398632e-01
1.606228e+04	3.398632e-01
1.611009e+04	3.398632e-01
1.615789e+04	3.398632e-01
1.620569e+04	3.398632e-01
1.625350e+04	3.398632e-01
1.630130e+04	3.398632e-01
1.634911e+04	3.398632e-01
1.639691e+04	3.398632e-01
1.644472e+04	3.398632e-01
1.649252e+04	3.398632e-01
1.654033e+04	3.398632e-01
1.658813e+04	3.398632e-01
1.663593e+04	3.398632e-01
1.668374e+04	3.398632e-01
1.673154e+04	3.398632e-01
1.677935e+04	3.398632e-01
1.682715e+04	3.398632e-01
1.687496e+04	3.398632e-01
1.692276e+04	3.398632e-01
1.697056e+04	3.398632e-01
1.701837e+04	3.398632e-01
1.706617e+04	3.398632e-01
1.711398e+04	3.398632e-01
1.716178e+04	3.398632e-01
1.720959e+04	3.398632e-01
1.725739e+04	3.398632e-01
1.730520e+04	3.398632e-01
1.735300e+04	3.398632e-01
1.740080e+04	3.398632e-01
1.744861e+04	3.398632e-01
1.749641e+04	3.398632e-01
1.754422e+04	3.398632e-01
1.759202e+04	3.398632e-01
1.763983e+04	3.398632e-01
1.768763e+04	3.398632e-01
1.773544e+04	3.398632e-01
1.778324e+04	3.398632e-01
1.783104e+04	3.398632e-01
1.787885e+04	3.398632e-01
1.792665e+04	3.398632e-01
1.797446e+04	3.398632e-01
1.802226e+04	3.398632e-01
1.807007e+04	3.398632e-01
1.811787e+04	3.398632e-01
1.816568e+04	3.398632e-01
1.821348e+04	3.398632e-01
1.826128e+04	3.398632e-01
1.830909e+04	3.398632e-01
1.835689e+04	3.398632e-01
1.840470e+04	3.398632e-01
1.845250e+04	3.398632e-01
1.850031e+04	3.398632e-01
1.854811e+04	3.398632e-01
1.859591e+04	3.398632e-01
1.864372e+04	3.398632e-01
1.869152e+04	3.398632e-01
1.873933e+04	3.398632e-01
1.878713e+04	3.398632e-01
1.883494e+04	3.398632e-01
1.888274e+04	3.398632e-01
1.893055e+04	3.398632e-01
1.897835e+04	3.398632e-01
1.902615e+04	3.398632e-01
1.907396e+04	3.398632e-01
1.912176e+04	3.398632e-01
1.916957e+04	3.398632e-01
1.921737e+04	3.398632e-01
1.926518e+04	3.398632e-01
1.931298e+04	3.398632e-01
1.936079e+04	3.398632e-01
1.940859e+04	3.398632e-01
1.945639e+04	3.398632e-01
1.950420e+04	3.398632e-01
1.955200e+04	3.398632e-01
1.959981e+04	3.398632e-01
1.964761e+04	3.398632e-01
1.969542e+04	3.398632e-01
1.974322e+04	3.398632e-01
1.979103e+04	3.398632e-01
1.983883e+04	3.398632e-01
1.988663e+04	3.398632e-01
1.993444e+04	3.398632e-01
1.998224e+04	3.398632e-01
2.003005e+04	3.398632e-01
2.007785e+04	3.398632e-01
2.012566e+04	3.398632e-01
2.017346e+04	3.398632e-01
2.022126e+04	3.398632e-01
2.026907e+04	3.398632e-01
2.031687e+04	3.398632e-01
2.036468e+04	3.398632e-01
2.041248e+04	3.398632e-01
2.046029e+04	3.398632e-01
2.050809e+04	3.398632e-01
2.055590e+04	3.398632e-01
2.060370e+04	3.398632e-01
2.065150e+04	3.398632e-01
2.069931e+04	3.398632e-01
2.074711e+04	3.398632e-01
2.079492e+04	3.398632e-01
2.084272e+04	3.398632e-01
2.089053e+04	3.398632e-01
2.093833e+04	3.398632e-01
2.098614e+04	3.398632e-01
2.103394e+04	3.398632e-01
2.108174e+04	3.398632e-01
2.112955e+04	3.398632e-01
2.117735e+04	3.398632e-01
2.122516e+04	3.398632e-01
2.127296e+04	3.398632e-01
2.132077e+04	3.398632e-01
2.136857e+04	3.398632e-01
2.141637e+04	3.398632e-01
2.146418e+04	3.398632e-01
2.151198e+04	3.398632e-01
2.155979e+04	3.398632e-01
2.160759e+04	3.398632e-01
2.165540e+04	3.398632e-01
2.170320e+04	3.398632e-01
2.175101e+04	3.398632e-01
2.179881e+04	3.398632e-01
2.184661e+04	3.398632e-01
2.189442e+04	3.398632e-01
2.194222e+04	3.398632e-01
2.199003e+04	3.398632e-01
2.203783e+04	3.398632e-01
2.208564e+04	3.398632e-01
2.213344e+04	3.398632e-01
2.218125e+04	3.398632e-01
2.222905e+04	3.398632e-01
2.227685e+04	3.398632e-01
2.232466e+04	3.398632e-01
2.237246e+04	3.398632e-01
2.242027e+04	3.398632e-01
2.246807e+04	3.398632e-01
2.251588e+04	3.398632e-01
2.256368e+04	3.398632e-01
2.261149e+04	3.398632e-01
2.265929e+04	3.398632e-01
2.270709e+04	3.398632e-01
2.275490e+04	3.398632e-01
2.280270e+04	3.398632e-01
2.285051e+04	3.398632e-01
2.289831e+04	3.398632e-01
2.294612e+04	3.398632e-01
2.299392e+04	3.398632e-01
2.304172e+04	3.398632e-01
2.308953e+04	3.398632e-01
2.313733e+04	3.398632e-01
2.318514e+04	3.398632e-01
2.323294e+04	3.398632e-01
2.328075e+04	3.398632e-01
2.332855e+04	3.398632e-01
2.337636e+04	3.398632e-01
2.342416e+04	3.398632e-01
2.347196e+04	3.398632e-01
2.351977e+04	3.398632e-01
2.356757e+04	3.398632e-01
2.361538e+04	3.398632e-01
2.366318e+04	3.398632e-01
2.371099e+04	3.398632e-01
2.375879e+04	3.398632e-01
2.380660e+04	3.398632e-01
2.385440e+04	3.398632e-01
2.390220e+04	3.398632e-01
2.395001e+04	3.398632e-01
2.399781e+04	3.398632e-01
2.404562e+04	3.398632e-01
2.409342e+04	3.398632e-01
2.414123e+04	3.398632e-01
2.418903e+04	3.398632e-01
2.423683e+04	3.398632e-01
2.428464e+04	3.398632e-01
2.433244e+04	3.398632e-01
2.438025e+04	3.398632e-01
2.442805e+04	3.398632e-01
2.447586e+04	3.398632e-01
2.452366e+04	3.398632e-01
2.457147e+04	3.398632e-01
2.461927e+04	3.398632e-01
2.466707e+04	3.398632e-01
2.471488e+04	3.398632e-01
2.476268e+04	3.398632e-01
2.481049e+04	3.398632e-01
2.485829e+04	3.398632e-01
2.490610e+04	3.398632e-01
2.495390e+04	3.398632e-01
2.500171e+04	3.398632e-01
2.504951e+04	3.398632e-01
2.509731e+04	3.398632e-01
2.514512e+04	3.398632e-01
2.519292e+04	3.398632e-01
2.524073e+04	3.398632e-01
2.528853e+04	3.398632e-01
2.533634e+04	3.398632e-01
2.538414e+04	3.398632e-01
2.543195e+04	3.398632e-01
2.547975e+04	3.398632e-01
2.552755e+04	3.398632e-01
2.557536e+04	3.398632e-01
2.562316e+04	3.398632e-01
2.567097e+04	3.398632e-01
2.571877e+04	3.398632e-01
2.576658e+04	3.398632e-01
2.581438e+04	3.398632e-01
2.586218e+04	3.398632e-01
2.590999e+04	3.398632e-01
2.595779e+04	3.398632e-01
2.600560e+04	3.398632e-01
2.605340e+04	3.398632e-01
2.610121e+04	3.398632e-01
2.614901e+04	3.398632e-01
2.619682e+04	3.398632e-01
2.624462e+04	3.398632e-01
2.629242e+04	3.398632e-01
2.634023e+04	3.398632e-01
2.638803e+04	3.398632e-01
2.643584e+04	3.398632e-01
2.648364e+04	3.398632e-01
2.653145e+04	3.398632e-01
2.657925e+04	3.398632e-01
2.662706e+04	3.398632e-01
2.667486e+04	3.398632e-01
2.672266e+04	3.398632e-01
2.677047e+04	3.398632e-01
2.681827e+04	3.398632e-01
2.686608e+04	3.398632e-01
2.691388e+04	3.398632e-01
2.696169e+04	3.398632e-01
2.700949e+04	3.398632e-01
2.705730e+04	3.398632e-01
2.710510e+04	3.398632e-01
2.715290e+04	3.398632e-01
2.720071e+04	3.398632e-01
2.724851e+04	3.398632e-01
2.729632e+04	3.398632e-01
2.734412e+04	3.398632e-01
2.739193e+04	3.398632e-01
2.743973e+04	3.398632e-01
2.748753e+04	3.398632e-01
2.753534e+04	3.398632e-01
2.758314e+04	3.398632e-01
2.763095e+04	3.398632e-01
2.767875e+04	3.398632e-01
2.772656e+04	3.398632e-01
2.777436e+04	3.398632e-01
2.782217e+04	3.398632e-01
2.786997e+04	3.398632e-01
2.791777e+04	3.398632e-01
2.796558e+04	3.398632e-01
2.801338e+04	3.398632e-01
2.806119e+04	3.398632e-01
2.810899e+04	3.398632e-01
2.815680e+04	3.398632e-01
2.820460e+04	3.398632e-01
2.825241e+04	3.398632e-01
2.830021e+04	3.398632e-01
2.834801e+04	3.398632e-01
2.839582e+04	3.398632e-01
2.844362e+04	3.398632e-01
2.849143e+04	3.398632e-01
2.853923e+04	3.398632e-01
2.858704e+04	3.398632e-01
2.863484e+04	3.398632e-01
2.868264e+04	3.398632e-01
2.873045e+04	3.398632e-01
2.877825e+04	3.398632e-01
2.882606e+04	3.398632e-01
2.887386e+04	3.398632e-01
2.892167e+04	3.398632e-01
2.896947e+04	3.398632e-01
2.901728e+04	3.398632e-01
2.906508e+04	3.398632e-01
2.911288e+04	3.398632e-01
2.916069e+04	3.398632e-01
2.920849e+04	3.398632e-01
2.925630e+04	3.398632e-01
2.930410e+04	3.398632e-01
2.935191e+04	3.398632e-01
2.939971e+04	3.398632e-01
2.944752e+04	3.398632e-01
2.949532e+04	3.398632e-01
2.954312e+04	3.398632e-01
2.959093e+04	3.398632e-01
2.963873e+04	3.398632e-01
2.968654e+04	3.398632e-01
2.973434e+04	3.398632e-01
2.978215e+04	3.398632e-01
2.982995e+04	3.398632e-01
2.987776e+04	3.398632e-01
2.992556e+04	3.398632e-01
2.997336e+04	3.398632e-01
3.002117e+04	3.398632e-01
3.006897e+04	3.398632e-01
3.011678e+04	3.398632e-01
3.016458e+04	3.398632e-01
3.021239e+04	3.398632e-01
3.026019e+04	3.398632e-01
3.030799e+04	3.398632e-01
3.035580e+04	3.398632e-01
3.040360e+04	3.398632e-01
3.045141e+04	3.398632e-01
3.049921e+04	3.398632e-01
3.054702e+04	3.398632e-01
3.059482e+04	3.398632e-01
3.064263e+04	3.398632e-01
3.069043e+04	3.398632e-01
3.073823e+04	3.398632e-01
3.078604e+04	3.398632e-01
3.083384e+04	3.398632e-01
3.088165e+04	3.398632e-01
3.092945e+04	3.398632e-01
3.097726e+04	3.398632e-01
3.102506e+04	3.398632e-01
3.107287e+04	3.398632e-01
3.112067e+04	3.398632e-01
3.116847e+04	3.398632e-01
3.121628e+04	3.398632e-01
3.126408e+04	3.398632e-01
3.131189e+04	3.398632e-01
3.135969e+04	3.398632e-01
3.140750e+04	3.398632e-01
3.145530e+04	3.398632e-01
3.150311e+04	3.398632e-01
3.155091e+04	3.398632e-01
3.159871e+04	3.398632e-01
3.164652e+04	3.398632e-01
3.169432e+04	3.398632e-01
3.174213e+04	3.398632e-01
3.178993e+04	3.398632e-01
3.183774e+04	3.398632e-01
3.188554e+04	3.398632e-01
3.193334e+04	3.398632e-01
3.198115e+04	3.398632e-01
3.202895e+04	3.398632e-01
3.207676e+04	3.398632e-01
3.212456e+04	3.398632e-01
3.217237e+04	3.398632e-01
3.222017e+04	3.398632e-01
3.226798e+04	3.398632e-01
3.231578e+04	3.398632e-01
3.236358e+04	3.398632e-01
3.241139e+04	3.398632e-01
3.245919e+04	3.398632e-01
3.250700e+04	3.398632e-01
3.255480e+04	3.398632e-01
3.260261e+04	3.398632e-01
3.265041e+04	3.398632e-01
3.269822e+04	3.398632e-01
3.274602e+04	3.398632e-01
3.279382e+04	3.398632e-01
3.284163e+04	3.398632e-01
3.288943e+04	3.398632e-01
3.293724e+04	3.398632e-01
3.298504e+04	3.398632e-01
3.303285e+04	3.398632e-01
3.308065e+04	3.398632e-01
3.312845e+04	3.398632e-01
3.317626e+04	3.398632e-01
3.322406e+04	3.398632e-01
3.327187e+04	3.398632e-01
3.331967e+04	3.398632e-01
3.336748e+04	3.398632e-01
3.341528e+04	3.398632e-01
3.346309e+04	3.398632e-01
3.351089e+04	3.398632e-01
3.355869e+04	3.398632e-01
3.360650e+04	3.398632e-01
3.365430e+04	3.398632e-01
3.370211e+04	3.398632e-01
3.374991e+04	3.398632e-01
3.379772e+04	3.398632e-01
3.384552e+04	3.398632e-01
3.389333e+04	3.398632e-01
3.394113e+04	3.398632e-01
3.398893e+04	3.398632e-01
3.403674e+04	3.398632e-01
3.408454e+04	3.398632e-01
3.413235e+04	3.398632e-01
3.418015e+04	3.398632e-01
3.422796e+04	3.398632e-01
3.427576e+04	3.398632e-01
3.432357e+04	3.398632e-01
3.437137e+04	3.398632e-01
3.441917e+04	3.398632e-01
3.446698e+04	3.398632e-01
3.451478e+04	3.398632e-01
3.456259e+04	3.398632e-01
3.461039e+04	3.398632e-01
3.465820e+04	3.398632e-01
3.470600e+04	3.398632e-01
3.475380e+04	3.398632e-01
3.480161e+04	3.398632e-01
3.484941e+04	3.398632e-01
3.489722e+04	3.398632e-01
3.494502e+04	3.398632e-01
3.499283e+04	3.398632e-01
3.504063e+04	3.398632e-01
3.508844e+04	3.398632e-01
3.513624e+04	3.398632e-01
3.518404e+04	3.398632e-01
3.523185e+04	3.398632e-01
3.527965e+04	3.398632e-01
3.532746e+04	3.398632e-01
3.537526e+04	3.398632e-01
3.542307e+04	3.398632e-01
3.547087e+04	3.398632e-01
3.551868e+04	3.398632e-01
3.556648e+04	3.398632e-01
3.561428e+04	3.398632e-01
3.566209e+04	3.398632e-01
3.570989e+04	3.398632e-01
3.575770e+04	3.398632e-01
3.580550e+04	3.398632e-01
3.585331e+04	3.398632e-01
3.590111e+04	3.398632e-01
3.594892e+04	3.398632e-01
3.599672e+04	3.398632e-01
3.604452e+04	3.398632e-01
3.609233e+04	3.398632e-01
3.614013e+04	3.398632e-01
3.618794e+04	3.398632e-01
3.623574e+04	3.398632e-01
3.628355e+04	3.398632e-01
3.633135e+04	3.398632e-01
3.637915e+04	3.398632e-01
3.642696e+04	3.398632e-01
3.647476e+04	3.398632e-01
3.652257e+04	3.398632e-01
3.657037e+04	3.398632e-01
3.661818e+04	3.398632e-01
3.666598e+04	3.398632e-01
3.671379e+04	3.398632e-01
3.676159e+04	3.398632e-01
3.680939e+04	3.398632e-01
3.685720e+04	3.398632e-01
3.690500e+04	3.398632e-01
3.695281e+04	3.398632e-01
3.700061e+04	3.398632e-01
3.704842e+04	3.398632e-01
3.709622e+04	3.398632e-01
3.714403e+04	3.398632e-01
3.719183e+04	3.398632e-01
3.723963e+04	3.398632e-01
3.728744e+04	3.398632e-01
3.733524e+04	3.398632e-01
3.738305e+04	3.398632e-01
3.743085e+04	3.398632e-01
3.747866e+04	3.398632e-01
3.752646e+04	3.398632e-01
3.757426e+04	3.398632e-01
3.762207e+04	3.398632e-01
3.766987e+04	3.398632e-01
3.771768e+04	3.398632e-01
3.776548e+04	3.398632e-01
3.781329e+04	3.398632e-01
3.786109e+04	3.398632e-01
3.790890e+04	3.398632e-01
3.795670e+04	3.398632e-01
3.800450e+04	3.398632e-01
3.805231e+04	3.398632e-01
3.810011e+04	3.398632e-01
3.814792e+04	3.398632e-01
3.819572e+04	3.398632e-01
3.824353e+04	3.398632e-01
3.829133e+04	3.398632e-01
3.833914e+04	3.398632e-01
3.838694e+04	3.398632e-01
3.843474e+04	3.398632e-01
3.848255e+04	3.398632e-01
3.853035e+04	3.398632e-01
3.857816e+04	3.398632e-01
3.862596e+04	3.398632e-01
3.867377e+04	3.398632e-01
3.872157e+04	3.398632e-01
3.876938e+04	3.398632e-01
3.881718e+04	3.398632e-01
3.886498e+04	3.398632e-01
3.891279e+04	3.398632e-01
3.896059e+04	3.398632e-01
3.900840e+04	3.398632e-01
3.905620e+04	3.398632e-01
3.910401e+04	3.398632e-01
3.915181e+04	3.398632e-01
3.919961e+04	3.398632e-01
3.924742e+04	3.398632e-01
3.929522e+04	3.398632e-01
3.934303e+04	3.398632e-01
3.939083e+04	3.398632e-01
3.943864e+04	3.398632e-01
3.948644e+04	3.398632e-01
3.953425e+04	3.398632e-01
3.958205e+04	3.398632e-01
3.962985e+04	3.398632e-01
3.967766e+04	3.398632e-01
3.972546e+04	3.398632e-01
3.977327e+04	3.398632e-01
3.982107e+04	3.398632e-01
3.986888e+04	3.398632e-01
3.991668e+04	3.398632e-01
3.996449e+04	3.398632e-01
4.001229e+04	3.398632e-01
4.006009e+04	3.398632e-01
4.010790e+04	3.398632e-01
4.015570e+04	3.398632e-01
4.020351e+04	3.398632e-01
4.025131e+04	3.398632e-01
4.029912e+04	3.398632e-01
4.034692e+04	3.398632e-01
4.039472e+04	3.398632e-01
4.044253e+04	3.398632e-01
4.049033e+04	3.398632e-01
4.053814e+04	3.398632e-01
4.058594e+04	3.398632e-01
4.063375e+04	3.398632e-01
4.068155e+04	3.398632e-01
4.072936e+04	3.398632e-01
4.077716e+04	3.398632e-01
4.082496e+04	3.398632e-01
4.087277e+04	3.398632e-01
4.092057e+04	3.398632e-01
4.096838e+04	3.398632e-01
4.101618e+04	3.398632e-01
4.106399e+04	3.398632e-01
4.111179e+04	3.398632e-01
4.115960e+04	3.398632e-01
4.120740e+04	3.398632e-01
4.125520e+04	3.398632e-01
4.130301e+04	3.398632e-01
4.135081e+04	3.398632e-01
4.139862e+04	3.398632e-01
4.144642e+04	3.398632e-01
4.149423e+04	3.398632e-01
4.154203e+04	3.398632e-01
4.158984e+04	3.398632e-01
4.163764e+04	3.398632e-01
4.168544e+04	3.398632e-01
4.173325e+04	3.398632e-01
4.178105e+04	3.398632e-01
4.182886e+04	3.398632e-01
4.187666e+04	3.398632e-01
4.192447e+04	3.398632e-01
4.197227e+04	3.398632e-01
4.202007e+04	3.398632e-01
4.206788e+04	3.398632e-01
4.211568e+04	3.398632e-01
4.216349e+04	3.398632e-01
4.221129e+04	3.398632e-01
4.225910e+04	3.398632e-01
4.230690e+04	3.398632e-01
4.235471e+04	3.398632e-01
4.240251e+04	3.398632e-01
4.245031e+04	3.398632e-01
4.249812e+04	3.398632e-01
4.254592e+04	3.398632e-01
4.259373e+04	3.398632e-01
4.264153e+04	3.398632e-01
4.268934e+04	3.398632e-01
4.273714e+04	3.398632e-01
4.278495e+04	3.398632e-01
4.283275e+04	3.398632e-01
4.288055e+04	3.398632e-01
4.292836e+04	3.398632e-01
4.297616e+04	3.398632e-01
4.302397e+04	3.398632e-01
4.307177e+04	3.398632e-01
4.311958e+04	3.398632e-01
4.316738e+04	3.398632e-01
4.321519e+04	3.398632e-01
4.326299e+04	3.398632e-01
4.331079e+04	3.398632e-01
4.335860e+04	3.398632e-01
4.340640e+04	3.398632e-01
4.345421e+04	3.398632e-01
4.350201e+04	3.398632e-01
4.354982e+04	3.398632e-01
4.359762e+04	3.398632e-01
4.364542e+04	3.398632e-01
4.369323e+04	3.398632e-01
4.374103e+04	3.398632e-01
4.378884e+04	3.398632e-01
4.383664e+04	3.398632e-01
4.388445e+04	3.398632e-01
4.393225e+04	3.398632e-01
4.398006e+04	3.398632e-01
4.402786e+04	3.398632e-01
4.407566e+04	3.398632e-01
4.412347e+04	3.398632e-01
4.417127e+04	3.398632e-01
4.421908e+04	3.398632e-01
4.426688e+04	3.398632e-01
4.431469e+04	3.398632e-01
4.436249e+04	3.398632e-01
4.441030e+04	3.398632e-01
4.445810e+04	3.398632e-01
4.450590e+04	3.398632e-01
4.455371e+04	3.398632e-01
4.460151e+04	3.398632e-01
4.464932e+04	3.398632e-01
4.469712e+04	3.398632e-01
4.474493e+04	3.398632e-01
4.479273e+04	3.398632e-01
4.484053e+04	3.398632e-01
4.488834e+04	3.398632e-01
4.493614e+04	3.398632e-01
4.498395e+04	3.398632e-01
4.503175e+04	3.398632e-01
4.507956e+04	3.398632e-01
4.512736e+04	3.398632e-01
4.517517e+04	3.398632e-01
4.522297e+04	3.398632e-01
4.527077e+04	3.398632e-01
4.531858e+04	3.398632e-01
4.536638e+04	3.398632e-01
4.541419e+04	3.398632e-01
4.546199e+04	3.398632e-01
4.550980e+04	3.398632e-01
4.555760e+04	3.398632e-01
4.560541e+04	3.398632e-01
4.565321e+04	3.398632e-01
4.570101e+04	3.398632e-01
4.574882e+04	3.398632e-01
4.579662e+04	3.398632e-01
4.584443e+04	3.398632e-01
4.589223e+04	3.398632e-01
4.594004e+04	3.398632e-01
4.598784e+04	3.398632e-01
4.603565e+04	3.398632e-01
4.608345e+04	3.398632e-01
4.613125e+04	3.398632e-01
4.617906e+04	3.398632e-01
4.622686e+04	3.398632e-01
4.627467e+04	3.398632e-01
4.632247e+04	3.398632e-01
4.637028e+04	3.398632e-01
4.641808e+04	3.398632e-01
4.646588e+04	3.398632e-01
4.651369e+04	3.398632e-01
4.656149e+04	3.398632e-01
4.660930e+04	3.398632e-01
4.665710e+04	3.398632e-01
4.670491e+04	3.398632e-01
4.675271e+04	3.398632e-01
4.680052e+04	3.398632e-01
4.684832e+04	3.398632e-01
4.689612e+04	3.398632e-01
4.694393e+04	3.398632e-01
4.699173e+04	3.398632e-01
4.703954e+04	3.398632e-01
4.708734e+04	3.398632e-01
4.713515e+04	3.398632e-01
4.718295e+04	3.398632e-01
4.723076e+04	3.398632e-01
4.727856e+04	3.398632e-01
4.732636e+04	3.398632e-01
4.737417e+04	3.398632e-01
4.742197e+04	3.398632e-01
4.746978e+04	3.398632e-01
4.751758e+04	3.398632e-01
4.756539e+04	3.398632e-01
4.761319e+04	3.398632e-01
4.766100e+04	3.398632e-01
4.770880e+04	3.398632e-01
4.775660e+04	3.398632e-01
4.780441e+04	3.398632e-01
4.785221e+04	3.398632e-01
