4.790002e+04	3.398632e-01
4.794782e+04	3.398632e-01
4.799563e+04	3.398632e-01
4.804343e+04	3.398632e-01
4.809123e+04	3.398632e-01
4.813904e+04	3.398632e-01
4.818684e+04	3.398632e-01
4.823465e+04	3.398632e-01
4.828245e+04	3.398632e-01
4.833026e+04	3.398632e-01
4.837806e+04	3.398632e-01
4.842587e+04	3.398632e-01
4.847367e+04	3.398632e-01
4.852147e+04	3.398632e-01
4.856928e+04	3.398632e-01
4.861708e+04	3.398632e-01
4.866489e+04	3.398632e-01
4.871269e+04	3.398632e-01
4.876050e+04	3.398632e-01
4.880830e+04	3.398632e-01
4.885611e+04	3.398632e-01
4.890391e+04	3.398632e-01
4.895171e+04	3.398632e-01
4.899952e+04	3.398632e-01
4.904732e+04	3.398632e-01
4.909513e+04	3.398632e-01
4.914293e+04	3.398632e-01
4.919074e+04	3.398632e-01
4.923854e+04	3.398632e-01
4.928634e+04	3.398632e-01
4.933415e+04	3.398632e-01
4.938195e+04	3.398632e-01
4.942976e+04	3.398632e-01
4.947756e+04	3.398632e-01
4.952537e+04	3.398632e-01
4.957317e+04	3.398632e-01
4.962098e+04	3.398632e-01
4.966878e+04	3.398632e-01
4.971658e+04	3.398632e-01
4.976439e+04	3.398632e-01
4.981219e+04	3.398632e-01
4.986000e+04	3.398632e-01
4.990780e+04	3.398632e-01
4.995561e+04	3.398632e-01
5.000341e+04	3.398632e-01
5.005122e+04	3.398632e-01
5.009902e+04	3.398632e-01
5.014682e+04	3.398632e-01
5.019463e+04	3.398632e-01
5.024243e+04	3.398632e-01
5.029024e+04	3.398632e-01
5.033804e+04	3.398632e-01
5.038585e+04	3.398632e-01
5.043365e+04	3.398632e-01
5.048146e+04	3.398632e-01
5.052926e+04	3.398632e-01
5.057706e+04	3.398632e-01
5.062487e+04	3.398632e-01
5.067267e+04	3.398632e-01
5.072048e+04	3.398632e-01
5.076828e+04	3.398632e-01
5.081609e+04	3.398632e-01
5.086389e+04	3.398632e-01
5.091169e+04	3.398632e-01
5.095950e+04	3.398632e-01
5.100730e+04	3.398632e-01
5.105511e+04	3.398632e-01
5.110291e+04	3.398632e-01
5.115072e+04	3.398632e-01
5.119852e+04	3.398632e-01
5.124633e+04	3.398632e-01
5.129413e+04	3.398632e-01
5.134193e+04	3.398632e-01
5.138974e+04	3.398632e-01
5.143754e+04	3.398632e-01
5.148535e+04	3.398632e-01
5.153315e+04	3.398632e-01
5.158096e+04	3.398632e-01
5.162876e+04	3.398632e-01
5.167657e+04	3.398632e-01
5.172437e+04	3.398632e-01
5.177217e+04	3.398632e-01
5.181998e+04	3.398632e-01
5.186778e+04	3.398632e-01
5.191559e+04	3.398632e-01
5.196339e+04	3.398632e-01
5.201120e+04	3.398632e-01
5.205900e+04	3.398632e-01
5.210681e+04	3.398632e-01
5.215461e+04	3.398632e-01
5.220241e+04	3.398632e-01
5.225022e+04	3.398632e-01
5.229802e+04	3.398632e-01
5.234583e+04	3.398632e-01
5.239363e+04	3.398632e-01
5.244144e+04	3.398632e-01
5.248924e+04	3.398632e-01
5.253704e+04	3.398632e-01
5.258485e+04	3.398632e-01
5.263265e+04	3.398632e-01
5.268046e+04	3.398632e-01
5.272826e+04	3.398632e-01
5.277607e+04	3.398632e-01
5.282387e+04	3.398632e-01
5.287168e+04	3.398632e-01
5.291948e+04	3.398632e-01
5.296728e+04	3.398632e-01
5.301509e+04	3.398632e-01
5.306289e+04	3.398632e-01
5.311070e+04	3.398632e-01
5.315850e+04	3.398632e-01
5.320631e+04	3.398632e-01
5.325411e+04	3.398632e-01
5.330192e+04	3.398632e-01
5.334972e+04	3.398632e-01
5.339752e+04	3.398632e-01
5.344533e+04	3.398632e-01
5.349313e+04	3.398632e-01
5.354094e+04	3.398632e-01
5.358874e+04	3.398632e-01
5.363655e+04	3.398632e-01
5.368435e+04	3.398632e-01
5.373215e+04	3.398632e-01
5.377996e+04	3.398632e-01
5.382776e+04	3.398632e-01
5.387557e+04	3.398632e-01
5.392337e+04	3.398632e-01
5.397118e+04	3.398632e-01
5.401898e+04	3.398632e-01
5.406679e+04	3.398632e-01
5.411459e+04	3.398632e-01
5.416239e+04	3.398632e-01
5.421020e+04	3.398632e-01
5.425800e+04	3.398632e-01
5.430581e+04	3.398632e-01
5.435361e+04	3.398632e-01
5.440142e+04	3.398632e-01
5.444922e+04	3.398632e-01
5.449703e+04	3.398632e-01
5.454483e+04	3.398632e-01
5.459263e+04	3.398632e-01
5.464044e+04	3.398632e-01
5.468824e+04	3.398632e-01
5.473605e+04	3.398632e-01
5.478385e+04	3.398632e-01
5.483166e+04	3.398632e-01
5.487946e+04	3.398632e-01
5.492727e+04	3.398632e-01
5.497507e+04	3.398632e-01
5.502287e+04	3.398632e-01
5.507068e+04	3.398632e-01
5.511848e+04	3.398632e-01
5.516629e+04	3.398632e-01
5.521409e+04	3.398632e-01
5.526190e+04	3.398632e-01
5.530970e+04	3.398632e-01
5.535750e+04	3.398632e-01
5.540531e+04	3.398632e-01
5.545311e+04	3.398632e-01
5.550092e+04	3.398632e-01
5.554872e+04	3.398632e-01
5.559653e+04	3.398632e-01
5.564433e+04	3.398632e-01
5.569214e+04	3.398632e-01
5.573994e+04	3.398632e-01
5.578774e+04	3.398632e-01
5.583555e+04	3.398632e-01
5.588335e+04	3.398632e-01
5.593116e+04	3.398632e-01
5.597896e+04	3.398632e-01
5.602677e+04	3.398632e-01
5.607457e+04	3.398632e-01
5.612238e+04	3.398632e-01
5.617018e+04	3.398632e-01
5.621798e+04	3.398632e-01
5.626579e+04	3.398632e-01
5.631359e+04	3.398632e-01
5.636140e+04	3.398632e-01
5.640920e+04	3.398632e-01
5.645701e+04	3.398632e-01
5.650481e+04	3.398632e-01
5.655261e+04	3.398632e-01
5.660042e+04	3.398632e-01
5.664822e+04	3.398632e-01
5.669603e+04	3.398632e-01
5.674383e+04	3.398632e-01
5.679164e+04	3.398632e-01
5.683944e+04	3.398632e-01
5.688725e+04	3.398632e-01
5.693505e+04	3.398632e-01
5.698285e+04	3.398632e-01
5.703066e+04	3.398632e-01
5.707846e+04	3.398632e-01
5.712627e+04	3.398632e-01
5.717407e+04	3.398632e-01
5.722188e+04	3.398632e-01
5.726968e+04	3.398632e-01
5.731749e+04	3.398632e-01
5.736529e+04	3.398632e-01
5.741309e+04	3.398632e-01
5.746090e+04	3.398632e-01
5.750870e+04	3.398632e-01
5.755651e+04	3.398632e-01
5.760431e+04	3.398632e-01
5.765212e+04	3.398632e-01
5.769992e+04	3.398632e-01
5.774773e+04	3.398632e-01
5.779553e+04	3.398632e-01
5.784333e+04	3.398632e-01
5.789114e+04	3.398632e-01
5.793894e+04	3.398632e-01
5.798675e+04	3.398632e-01
5.803455e+04	3.398632e-01
5.808236e+04	3.398632e-01
5.813016e+04	3.398632e-01
5.817796e+04	3.398632e-01
5.822577e+04	3.398632e-01
5.827357e+04	3.398632e-01
5.832138e+04	3.398632e-01
5.836918e+04	3.398632e-01
5.841699e+04	3.398632e-01
5.846479e+04	3.398632e-01
5.851260e+04	3.398632e-01
5.856040e+04	3.398632e-01
5.860820e+04	3.398632e-01
5.865601e+04	3.398632e-01
5.870381e+04	3.398632e-01
5.875162e+04	3.398632e-01
5.879942e+04	3.398632e-01
5.884723e+04	3.398632e-01
5.889503e+04	3.398632e-01
5.894284e+04	3.398632e-01
5.899064e+04	3.398632e-01
5.903844e+04	3.398632e-01
5.908625e+04	3.398632e-01
5.913405e+04	3.398632e-01
5.918186e+04	3.398632e-01
5.922966e+04	3.398632e-01
5.927747e+04	3.398632e-01
5.932527e+04	3.398632e-01
5.937308e+04	3.398632e-01
5.942088e+04	3.398632e-01
5.946868e+04	3.398632e-01
5.951649e+04	3.398632e-01
5.956429e+04	3.398632e-01
5.961210e+04	3.398632e-01
5.965990e+04	3.398632e-01
5.970771e+04	3.398632e-01
5.975551e+04	3.398632e-01
5.980331e+04	3.398632e-01
5.985112e+04	3.398632e-01
5.989892e+04	3.398632e-01
5.994673e+04	3.398632e-01
5.999453e+04	3.398632e-01
6.004234e+04	3.398632e-01
6.009014e+04	3.398632e-01
6.013795e+04	3.398632e-01
6.018575e+04	3.398632e-01
6.023355e+04	3.398632e-01
6.028136e+04	3.398632e-01
6.032916e+04	3.398632e-01
6.037697e+04	3.398632e-01
6.042477e+04	3.398632e-01
6.047258e+04	3.398632e-01
6.052038e+04	3.398632e-01
6.056819e+04	3.398632e-01
6.061599e+04	3.398632e-01
6.066379e+04	3.398632e-01
6.071160e+04	3.398632e-01
6.075940e+04	3.398632e-01
6.080721e+04	3.398632e-01
6.085501e+04	3.398632e-01
6.090282e+04	3.398632e-01
6.095062e+04	3.398632e-01
6.099842e+04	3.398632e-01
6.104623e+04	3.398632e-01
6.109403e+04	3.398632e-01
6.114184e+04	3.398632e-01
6.118964e+04	3.398632e-01
6.123745e+04	3.398632e-01
6.128525e+04	3.398632e-01
6.133306e+04	3.398632e-01
6.138086e+04	3.398632e-01
6.142866e+04	3.398632e-01
6.147647e+04	3.398632e-01
6.152427e+04	3.398632e-01
6.157208e+04	3.398632e-01
6.161988e+04	3.398632e-01
6.166769e+04	3.398632e-01
6.171549e+04	3.398632e-01
6.176330e+04	3.398632e-01
6.181110e+04	3.398632e-01
6.185890e+04	3.398632e-01
6.190671e+04	3.398632e-01
6.195451e+04	3.398632e-01
6.200232e+04	3.398632e-01
6.205012e+04	3.398632e-01
6.209793e+04	3.398632e-01
6.214573e+04	3.398632e-01
6.219354e+04	3.398632e-01
6.224134e+04	3.398632e-01
6.228914e+04	3.398632e-01
6.233695e+04	3.398632e-01
6.238475e+04	3.398632e-01
6.243256e+04	3.398632e-01
6.248036e+04	3.398632e-01
6.252817e+04	3.398632e-01
6.257597e+04	3.398632e-01
6.262377e+04	3.398632e-01
6.267158e+04	3.398632e-01
6.271938e+04	3.398632e-01
6.276719e+04	3.398632e-01
6.281499e+04	3.398632e-01
6.286280e+04	3.398632e-01
6.291060e+04	3.398632e-01
6.295841e+04	3.398632e-01
6.300621e+04	3.398632e-01
6.305401e+04	3.398632e-01
6.310182e+04	3.398632e-01
6.314962e+04	3.398632e-01
6.319743e+04	3.398632e-01
6.324523e+04	3.398632e-01
6.329304e+04	3.398632e-01
6.334084e+04	3.398632e-01
6.338865e+04	3.398632e-01
6.343645e+04	3.398632e-01
6.348425e+04	3.398632e-01
6.353206e+04	3.398632e-01
6.357986e+04	3.398632e-01
6.362767e+04	3.398632e-01
6.367547e+04	3.398632e-01
6.372328e+04	3.398632e-01
6.377108e+04	3.398632e-01
6.381889e+04	3.398632e-01
6.386669e+04	3.398632e-01
6.391449e+04	3.398632e-01
6.396230e+04	3.398632e-01
6.401010e+04	3.398632e-01
6.405791e+04	3.398632e-01
6.410571e+04	3.398632e-01
6.415352e+04	3.398632e-01
6.420132e+04	3.398632e-01
6.424912e+04	3.398632e-01
6.429693e+04	3.398632e-01
6.434473e+04	3.398632e-01
6.439254e+04	3.398632e-01
6.444034e+04	3.398632e-01
6.448815e+04	3.398632e-01
6.453595e+04	3.398632e-01
6.458376e+04	3.398632e-01
6.463156e+04	3.398632e-01
6.467936e+04	3.398632e-01
6.472717e+04	3.398632e-01
6.477497e+04	3.398632e-01
6.482278e+04	3.398632e-01
6.487058e+04	3.398632e-01
6.491839e+04	3.398632e-01
6.496619e+04	3.398632e-01
6.501400e+04	3.398632e-01
6.506180e+04	3.398632e-01
6.510960e+04	3.398632e-01
6.515741e+04	3.398632e-01
6.520521e+04	3.398632e-01
6.525302e+04	3.398632e-01
6.530082e+04	3.398632e-01
6.534863e+04	3.398632e-01
6.539643e+04	3.398632e-01
6.544423e+04	3.398632e-01
6.549204e+04	3.398632e-01
6.553984e+04	3.398632e-01
6.558765e+04	3.398632e-01
6.563545e+04	3.398632e-01
6.568326e+04	3.398632e-01
6.573106e+04	3.398632e-01
6.577887e+04	3.398632e-01
6.582667e+04	3.398632e-01
6.587447e+04	3.398632e-01
6.592228e+04	3.398632e-01
6.597008e+04	3.398632e-01
6.601789e+04	3.398632e-01
6.606569e+04	3.398632e-01
6.611350e+04	3.398632e-01
6.616130e+04	3.398632e-01
6.620911e+04	3.398632e-01
6.625691e+04	3.398632e-01
6.630471e+04	3.398632e-01
6.635252e+04	3.398632e-01
6.640032e+04	3.398632e-01
6.644813e+04	3.398632e-01
6.649593e+04	3.398632e-01
6.654374e+04	3.398632e-01
6.659154e+04	3.398632e-01
6.663935e+04	3.398632e-01
6.668715e+04	3.398632e-01
6.673495e+04	3.398632e-01
6.678276e+04	3.398632e-01
6.683056e+04	3.398632e-01
6.687837e+04	3.398632e-01
6.692617e+04	3.398632e-01
6.697398e+04	3.398632e-01
6.702178e+04	3.398632e-01
6.706958e+04	3.398632e-01
6.711739e+04	3.398632e-01
6.716519e+04	3.398632e-01
6.721300e+04	3.398632e-01
6.726080e+04	3.398632e-01
6.730861e+04	3.398632e-01
6.735641e+04	3.398632e-01
6.740422e+04	3.398632e-01
6.745202e+04	3.398632e-01
6.749982e+04	3.398632e-01
6.754763e+04	3.398632e-01
6.759543e+04	3.398632e-01
6.764324e+04	3.398632e-01
6.769104e+04	3.398632e-01
6.773885e+04	3.398632e-01
6.778665e+04	3.398632e-01
6.783446e+04	3.398632e-01
6.788226e+04	3.398632e-01
6.793006e+04	3.398632e-01
6.797787e+04	3.398632e-01
6.802567e+04	3.398632e-01
6.807348e+04	3.398632e-01
6.812128e+04	3.398632e-01
6.816909e+04	3.398632e-01
6.821689e+04	3.398632e-01
6.826469e+04	3.398632e-01
6.831250e+04	3.398632e-01
6.836030e+04	3.398632e-01
6.840811e+04	3.398632e-01
6.845591e+04	3.398632e-01
6.850372e+04	3.398632e-01
6.855152e+04	3.398632e-01
6.859933e+04	3.398632e-01
6.864713e+04	3.398632e-01
6.869493e+04	3.398632e-01
6.874274e+04	3.398632e-01
6.879054e+04	3.398632e-01
6.883835e+04	3.398632e-01
6.888615e+04	3.398632e-01
6.893396e+04	3.398632e-01
6.898176e+04	3.398632e-01
6.902957e+04	3.398632e-01
6.907737e+04	3.398632e-01
6.912517e+04	3.398632e-01
6.917298e+04	3.398632e-01
6.922078e+04	3.398632e-01
6.926859e+04	3.398632e-01
6.931639e+04	3.398632e-01
6.936420e+04	3.398632e-01
6.941200e+04	3.398632e-01
6.945981e+04	3.398632e-01
6.950761e+04	3.398632e-01
6.955541e+04	3.398632e-01
6.960322e+04	3.398632e-01
6.965102e+04	3.398632e-01
6.969883e+04	3.398632e-01
6.974663e+04	3.398632e-01
6.979444e+04	3.398632e-01
6.984224e+04	3.398632e-01
6.989004e+04	3.398632e-01
6.993785e+04	3.398632e-01
6.998565e+04	3.398632e-01
7.003346e+04	3.398632e-01
7.008126e+04	3.398632e-01
7.012907e+04	3.398632e-01
7.017687e+04	3.398632e-01
7.022468e+04	3.398632e-01
7.027248e+04	3.398632e-01
7.032028e+04	3.398632e-01
7.036809e+04	3.398632e-01
7.041589e+04	3.398632e-01
7.046370e+04	3.398632e-01
7.051150e+04	3.398632e-01
7.055931e+04	3.398632e-01
7.060711e+04	3.398632e-01
7.065492e+04	3.398632e-01
7.070272e+04	3.398632e-01
7.075052e+04	3.398632e-01
7.079833e+04	3.398632e-01
7.084613e+04	3.398632e-01
7.089394e+04	3.398632e-01
7.094174e+04	3.398632e-01
7.098955e+04	3.398632e-01
7.103735e+04	3.398632e-01
7.108516e+04	3.398632e-01
7.113296e+04	3.398632e-01
7.118076e+04	3.398632e-01
7.122857e+04	3.398632e-01
7.127637e+04	3.398632e-01
7.132418e+04	3.398632e-01
7.137198e+04	3.398632e-01
7.141979e+04	3.398632e-01
7.146759e+04	3.398632e-01
7.151539e+04	3.398632e-01
7.156320e+04	3.398632e-01
7.161100e+04	3.398632e-01
7.165881e+04	3.398632e-01
7.170661e+04	3.398632e-01
7.175442e+04	3.398632e-01
7.180222e+04	3.398632e-01
7.185003e+04	3.398632e-01
7.189783e+04	3.398632e-01
7.194563e+04	3.398632e-01
7.199344e+04	3.398632e-01
7.204124e+04	3.398632e-01
7.208905e+04	3.398632e-01
7.213685e+04	3.398632e-01
7.218466e+04	3.398632e-01
7.223246e+04	3.398632e-01
7.228027e+04	3.398632e-01
7.232807e+04	3.398632e-01
7.237587e+04	3.398632e-01
7.242368e+04	3.398632e-01
7.247148e+04	3.398632e-01
7.251929e+04	3.398632e-01
7.256709e+04	3.398632e-01
7.261490e+04	3.398632e-01
7.266270e+04	3.398632e-01
7.271050e+04	3.398632e-01
7.275831e+04	3.398632e-01
7.280611e+04	3.398632e-01
7.285392e+04	3.398632e-01
7.290172e+04	3.398632e-01
7.294953e+04	3.398632e-01
7.299733e+04	3.398632e-01
7.304514e+04	3.398632e-01
7.309294e+04	3.398632e-01
7.314074e+04	3.398632e-01
7.318855e+04	3.398632e-01
7.323635e+04	3.398632e-01
7.328416e+04	3.398632e-01
7.333196e+04	3.398632e-01
7.337977e+04	3.398632e-01
7.342757e+04	3.398632e-01
7.347538e+04	3.398632e-01
7.352318e+04	3.398632e-01
7.357098e+04	3.398632e-01
7.361879e+04	3.398632e-01
7.366659e+04	3.398632e-01
7.371440e+04	3.398632e-01
7.376220e+04	3.398632e-01
7.381001e+04	3.398632e-01
7.385781e+04	3.398632e-01
7.390562e+04	3.398632e-01
7.395342e+04	3.398632e-01
7.400122e+04	3.398632e-01
7.404903e+04	3.398632e-01
7.409683e+04	3.398632e-01
