0.000000e+00	0.000000e+00	8.334470e-19	0.000000e+00
4.780441e+01	1.016590e-04	1.004294e-04	5.191735e-05
9.560882e+01	1.022842e-04	9.625119e-05	4.947966e-05
1.434132e+02	1.013472e-04	9.760833e-05	4.996833e-05
1.912176e+02	1.013176e-04	9.526378e-05	4.837017e-05
2.390220e+02	1.000789e-04	9.498192e-05	4.967957e-05
2.868264e+02	1.014605e-04	9.433985e-05	4.924211e-05
3.346309e+02	1.010265e-04	9.566850e-05	4.955026e-05
3.824353e+02	1.032164e-04	9.686458e-05	4.985896e-05
4.302397e+02	1.045524e-04	9.678562e-05	5.066390e-05
4.780441e+02	1.053149e-04	9.787603e-05	5.092394e-05
5.258485e+02	1.064977e-04	9.844166e-05	5.222828e-05
5.736529e+02	1.088974e-04	1.016437e-04	5.334019e-05
6.214573e+02	1.121007e-04	1.071829e-04	5.462371e-05
6.692617e+02	1.163684e-04	1.077847e-04	5.632102e-05
7.170661e+02	1.174015e-04	1.087171e-04	5.826183e-05
7.648705e+02	1.202344e-04	1.105143e-04	6.032836e-05
8.126749e+02	1.230836e-04	1.112673e-04	6.293276e-05
8.604793e+02	1.239648e-04	1.153953e-04	6.532772e-05
9.082838e+02	1.288999e-04	1.159725e-04	6.773351e-05
9.560882e+02	1.291382e-04	1.237621e-04	7.172603e-05
1.003893e+03	1.338802e-04	1.244110e-04	7.411322e-05
1.051697e+03	1.358915e-04	1.293450e-04	7.760980e-05
1.099501e+03	1.410851e-04	1.304680e-04	8.048356e-05
1.147306e+03	1.412047e-04	1.353081e-04	8.341846e-05
1.195110e+03	1.458333e-04	1.342292e-04	8.432407e-05
1.242915e+03	1.461621e-04	1.380887e-04	8.572460e-05
1.290719e+03	1.502823e-04	1.376605e-04	8.922199e-05
1.338523e+03	1.499193e-04	1.460876e-04	9.192954e-05
1.386328e+03	1.535052e-04	1.482008e-04	9.436555e-05
1.434132e+03	1.553735e-04	1.532926e-04	9.608303e-05
1.481937e+03	1.580404e-04	1.536097e-04	9.698139e-05
1.529741e+03	1.605724e-04	1.550160e-04	9.924341e-05
1.577545e+03	1.627956e-04	1.574829e-04	1.013093e-04
1.625350e+03	1.646087e-04	1.591708e-04	1.029954e-04
1.673154e+03	1.685800e-04	1.634444e-04	1.072830e-04
1.720959e+03	1.715221e-04	1.653039e-04	1.091098e-04
1.768763e+03	1.787567e-04	1.693898e-04	1.113413e-04
1.816568e+03	1.815592e-04	1.745136e-04	1.137967e-04
1.864372e+03	1.905064e-04	1.767472e-04	1.171539e-04
1.912176e+03	1.926178e-04	1.813415e-04	1.195473e-04
1.959981e+03	1.991883e-04	1.798882e-04	1.213974e-04
2.007785e+03	2.051065e-04	1.835533e-04	1.254423e-04
2.055590e+03	2.079253e-04	1.854431e-04	1.277724e-04
2.103394e+03	2.096182e-04	1.871335e-04	1.294538e-04
2.151198e+03	2.125930e-04	1.887663e-04	1.303129e-04
2.199003e+03	2.160022e-04	1.907248e-04	1.334602e-04
2.246807e+03	2.174308e-04	1.944066e-04	1.329042e-04
2.294612e+03	2.199480e-04	1.954715e-04	1.342590e-04
2.342416e+03	2.203897e-04	1.983720e-04	1.360183e-04
2.390220e+03	2.199346e-04	2.014454e-04	1.372351e-04
2.438025e+03	2.215826e-04	2.038267e-04	1.385162e-04
2.485829e+03	2.231256e-04	2.069238e-04	1.400579e-04
2.533634e+03	2.249207e-04	2.081007e-04	1.416278e-04
2.581438e+03	2.269085e-04	2.095993e-04	1.432856e-04
2.629242e+03	2.312412e-04	2.110165e-04	1.449383e-04
2.677047e+03	2.321832e-04	2.143719e-04	1.469180e-04
2.724851e+03	2.328620e-04	2.196794e-04	1.484453e-04
2.772656e+03	2.367837e-04	2.217744e-04	1.500423e-04
2.820460e+03	2.401218e-04	2.214838e-04	1.535324e-04
2.868264e+03	2.408090e-04	2.240533e-04	1.551042e-04
2.916069e+03	2.461361e-04	2.254100e-04	1.574475e-04
2.963873e+03	2.468779e-04	2.292379e-04	1.587326e-04
3.011678e+03	2.509623e-04	2.323220e-04	1.600599e-04
3.059482e+03	2.520829e-04	2.355236e-04	1.619168e-04
3.107287e+03	2.547297e-04	2.365250e-04	1.641204e-04
3.155091e+03	2.583135e-04	2.389722e-04	1.647659e-04
3.202895e+03	2.621315e-04	2.430638e-04	1.666182e-04
3.250700e+03	2.637598e-04	2.451592e-04	1.681297e-04
3.298504e+03	2.667569e-04	2.459561e-04	1.694399e-04
3.346309e+03	2.679575e-04	2.505223e-04	1.705113e-04
3.394113e+03	2.698853e-04	2.524300e-04	1.733250e-04
3.441917e+03	2.718957e-04	2.534769e-04	1.750379e-04
3.489722e+03	2.771604e-04	2.557412e-04	1.777740e-04
3.537526e+03	2.785703e-04	2.604020e-04	1.799008e-04
3.585331e+03	2.793331e-04	2.621731e-04	1.808803e-04
3.633135e+03	2.840697e-04	2.621851e-04	1.829899e-04
3.680939e+03	2.851180e-04	2.678905e-04	1.823602e-04
3.728744e+03	2.874874e-04	2.737310e-04	1.836359e-04
3.776548e+03	2.887087e-04	2.726568e-04	1.855494e-04
3.824353e+03	2.889661e-04	2.816312e-04	1.881779e-04
3.872157e+03	2.913387e-04	2.816568e-04	1.907695e-04
3.919961e+03	2.929215e-04	2.913822e-04	1.912785e-04
3.967766e+03	2.976592e-04	2.844025e-04	1.937457e-04
4.015570e+03	2.981596e-04	2.959872e-04	1.961483e-04
4.063375e+03	3.005754e-04	2.927145e-04	1.986671e-04
4.111179e+03	3.036229e-04	3.010239e-04	1.998853e-04
4.158984e+03	3.065877e-04	2.987911e-04	2.020372e-04
4.206788e+03	3.102103e-04	3.077326e-04	2.059948e-04
4.254592e+03	3.087659e-04	3.042561e-04	2.065207e-04
4.302397e+03	3.126620e-04	3.103250e-04	2.074020e-04
4.350201e+03	3.129529e-04	3.119379e-04	2.078928e-04
4.398006e+03	3.190061e-04	3.173374e-04	2.078806e-04
4.445810e+03	3.162063e-04	3.167426e-04	2.089778e-04
4.493614e+03	3.242068e-04	3.205929e-04	2.102915e-04
4.541419e+03	3.215208e-04	3.231330e-04	2.115661e-04
4.589223e+03	3.217197e-04	3.260960e-04	2.149696e-04
4.637028e+03	3.287390e-04	3.282352e-04	2.170885e-04
4.684832e+03	3.318114e-04	3.303517e-04	2.198753e-04
4.732636e+03	3.330234e-04	3.309897e-04	2.212764e-04
4.780441e+03	3.348884e-04	3.308638e-04	2.207882e-04
4.828245e+03	3.380353e-04	3.320296e-04	2.219557e-04
4.876050e+03	3.365975e-04	3.374614e-04	2.216756e-04
4.923854e+03	3.392965e-04	3.375156e-04	2.210609e-04
4.971658e+03	3.434057e-04	3.364461e-04	2.206764e-04
5.019463e+03	3.486074e-04	3.407407e-04	2.211574e-04
5.067267e+03	3.481202e-04	3.419128e-04	2.247802e-04
5.115072e+03	3.513094e-04	3.430950e-04	2.252615e-04
5.162876e+03	3.526383e-04	3.424756e-04	2.278005e-04
5.210681e+03	3.559125e-04	3.476301e-04	2.275499e-04
5.258485e+03	3.600304e-04	3.483104e-04	2.293913e-04
5.306289e+03	3.610975e-04	3.503532e-04	2.300715e-04
5.354094e+03	3.618491e-04	3.509499e-04	2.297812e-04
5.401898e+03	3.637839e-04	3.544218e-04	2.320027e-04
5.449703e+03	3.629498e-04	3.527216e-04	2.304793e-04
5.497507e+03	3.688806e-04	3.540800e-04	2.318838e-04
5.545311e+03	3.652109e-04	3.585455e-04	2.337561e-04
5.593116e+03	3.701093e-04	3.618081e-04	2.379052e-04
5.640920e+03	3.705870e-04	3.614280e-04	2.356038e-04
5.688725e+03	3.761098e-04	3.645055e-04	2.388966e-04
5.736529e+03	3.755746e-04	3.715232e-04	2.388844e-04
5.784333e+03	3.791529e-04	3.768397e-04	2.493600e-04
5.832138e+03	3.855014e-04	3.812750e-04	2.629568e-04
5.879942e+03	3.915311e-04	3.792527e-04	2.462374e-04
5.927747e+03	3.897620e-04	3.927686e-04	2.867220e-04
5.975551e+03	3.897240e-04	3.910397e-04	2.654537e-04
6.023355e+03	3.904587e-04	3.886093e-04	2.621203e-04
6.071160e+03	3.950545e-04	3.964290e-04	2.608185e-04
6.118964e+03	3.947508e-04	3.917250e-04	2.605390e-04
6.166769e+03	4.039178e-04	3.942978e-04	2.591290e-04
6.214573e+03	4.037368e-04	3.927064e-04	2.609317e-04
6.262377e+03	4.048665e-04	3.964592e-04	2.645876e-04
6.310182e+03	4.053897e-04	3.964952e-04	2.624021e-04
6.357986e+03	4.129316e-04	3.994358e-04	2.623874e-04
6.405791e+03	4.106042e-04	4.003695e-04	2.626072e-04
6.453595e+03	4.153492e-04	4.025194e-04	2.634639e-04
6.501400e+03	4.102429e-04	4.051686e-04	2.666561e-04
6.549204e+03	4.184670e-04	4.074738e-04	2.663292e-04
6.597008e+03	4.143067e-04	4.089772e-04	2.655161e-04
6.644813e+03	4.190335e-04	4.133971e-04	2.674771e-04
6.692617e+03	4.166612e-04	4.149047e-04	2.676556e-04
6.740422e+03	4.210357e-04	4.202143e-04	2.674668e-04
6.788226e+03	4.232766e-04	4.200587e-04	2.644606e-04
6.836030e+03	4.292879e-04	4.228442e-04	2.656146e-04
6.883835e+03	4.238846e-04	4.218632e-04	2.636461e-04
6.931639e+03	4.277429e-04	4.260233e-04	2.642754e-04
6.979444e+03	4.344910e-04	4.244933e-04	2.621133e-04
7.027248e+03	4.301727e-04	4.332163e-04	2.615093e-04
7.075052e+03	4.355388e-04	4.315299e-04	2.596861e-04
7.122857e+03	4.362082e-04	4.337157e-04	2.595710e-04
7.170661e+03	4.408924e-04	4.370513e-04	2.585620e-04
7.218466e+03	4.384037e-04	4.362328e-04	2.589926e-04
7.266270e+03	4.428800e-04	4.348477e-04	2.585084e-04
7.314074e+03	4.416400e-04	4.349716e-04	2.595113e-04
7.361879e+03	4.499412e-04	4.330959e-04	2.596871e-04
7.409683e+03	4.438691e-04	4.398445e-04	2.576276e-04
7.457488e+03	4.555625e-04	4.379742e-04	2.578984e-04
7.505292e+03	4.479812e-04	4.425726e-04	2.576200e-04
7.553097e+03	4.587321e-04	4.417123e-04	2.592275e-04
7.600901e+03	4.525787e-04	4.465269e-04	2.571985e-04
7.648705e+03	4.589023e-04	4.506137e-04	2.596245e-04
7.696510e+03	4.527686e-04	4.522633e-04	2.567791e-04
7.744314e+03	4.636887e-04	4.534596e-04	2.587274e-04
7.792119e+03	4.580413e-04	4.575950e-04	2.547958e-04
7.839923e+03	4.662109e-04	4.590950e-04	2.552864e-04
7.887727e+03	4.651156e-04	4.597442e-04	2.517162e-04
7.935532e+03	4.784049e-04	4.586590e-04	2.539274e-04
7.983336e+03	4.728897e-04	4.662236e-04	2.503444e-04
8.031141e+03	4.825306e-04	4.651662e-04	2.546660e-04
8.078945e+03	4.821941e-04	4.628671e-04	2.545632e-04
8.126749e+03	4.912944e-04	4.615503e-04	2.566114e-04
8.174554e+03	4.857122e-04	4.679190e-04	2.530068e-04
8.222358e+03	4.895159e-04	4.660122e-04	2.588279e-04
8.270163e+03	4.896795e-04	4.627098e-04	2.565339e-04
8.317967e+03	4.965063e-04	4.662566e-04	2.594731e-04
8.365771e+03	4.941111e-04	4.691872e-04	2.591455e-04
8.413576e+03	4.997128e-04	4.721370e-04	2.611770e-04
8.461380e+03	4.988378e-04	4.702805e-04	2.589615e-04
8.509185e+03	5.072655e-04	4.691499e-04	2.628022e-04
8.556989e+03	5.033488e-04	4.756194e-04	2.607174e-04
8.604793e+03	5.112279e-04	4.768494e-04	2.630958e-04
8.652598e+03	5.100531e-04	4.763242e-04	2.609169e-04
8.700402e+03	5.146974e-04	4.799842e-04	2.649537e-04
8.748207e+03	5.110814e-04	4.866937e-04	2.621832e-04
8.796011e+03	5.169431e-04	4.896277e-04	2.642217e-04
8.843816e+03	5.141323e-04	4.888468e-04	2.609359e-04
8.891620e+03	5.242227e-04	4.887358e-04	2.626517e-04
8.939424e+03	5.173517e-04	4.903052e-04	2.622344e-04
8.987229e+03	5.209864e-04	4.909777e-04	2.649641e-04
9.035033e+03	5.210542e-04	4.894682e-04	2.636049e-04
9.082838e+03	5.276327e-04	4.891881e-04	2.643167e-04
9.130642e+03	5.257775e-04	4.938972e-04	2.617494e-04
9.178446e+03	5.270445e-04	4.995070e-04	2.627269e-04
9.226251e+03	5.280254e-04	4.987128e-04	2.594282e-04
9.274055e+03	5.313431e-04	4.983432e-04	2.662340e-04
9.321860e+03	5.309248e-04	5.013032e-04	2.632092e-04
9.369664e+03	5.333630e-04	5.057533e-04	2.641568e-04
9.417468e+03	5.305740e-04	5.044862e-04	2.629669e-04
9.465273e+03	5.371099e-04	5.063552e-04	2.650868e-04
9.513077e+03	5.298655e-04	5.076510e-04	2.681699e-04
9.560882e+03	5.338106e-04	5.108885e-04	2.713050e-04
9.608686e+03	5.310742e-04	5.060550e-04	2.720723e-04
9.656490e+03	5.403016e-04	5.088798e-04	2.719732e-04
9.704295e+03	5.357794e-04	5.108746e-04	2.693093e-04
9.752099e+03	5.424502e-04	5.088883e-04	2.721664e-04
9.799904e+03	5.420504e-04	5.096663e-04	2.693241e-04
9.847708e+03	5.507347e-04	5.075644e-04	2.718377e-04
9.895513e+03	5.450411e-04	5.097014e-04	2.703476e-04
9.943317e+03	5.509350e-04	5.133237e-04	2.718628e-04
9.991121e+03	5.486864e-04	5.159073e-04	2.701167e-04
1.003893e+04	5.579369e-04	5.175550e-04	2.702412e-04
1.008673e+04	5.540463e-04	5.209431e-04	2.678363e-04
1.013453e+04	5.606313e-04	5.237179e-04	2.684402e-04
1.018234e+04	5.608630e-04	5.240415e-04	2.680737e-04
1.023014e+04	5.692493e-04	5.228017e-04	2.700815e-04
1.027795e+04	5.668800e-04	5.259023e-04	2.668524e-04
1.032575e+04	5.726606e-04	5.274592e-04	2.673487e-04
1.037356e+04	5.737604e-04	5.285262e-04	2.647533e-04
1.042136e+04	5.813926e-04	5.268861e-04	2.664558e-04
1.046917e+04	5.772804e-04	5.272934e-04	2.652370e-04
1.051697e+04	5.814546e-04	5.278217e-04	2.679623e-04
1.056477e+04	5.839999e-04	5.241478e-04	2.677679e-04
1.061258e+04	5.940167e-04	5.253758e-04	2.682687e-04
1.066038e+04	5.904692e-04	5.296606e-04	2.654810e-04
1.070819e+04	5.938538e-04	5.344109e-04	2.812969e-04
1.075599e+04	5.954450e-04	5.347159e-04	2.859840e-04
1.080380e+04	6.019370e-04	5.370222e-04	2.745261e-04
1.085160e+04	6.019198e-04	5.388778e-04	3.040566e-04
1.089941e+04	6.081512e-04	5.437814e-04	2.791141e-04
1.094721e+04	6.125351e-04	5.431484e-04	2.708709e-04
1.099501e+04	6.178754e-04	5.442580e-04	2.732249e-04
1.104282e+04	6.190086e-04	5.449694e-04	2.701782e-04
1.109062e+04	6.221017e-04	5.500251e-04	2.750967e-04
1.113843e+04	6.267105e-04	5.417767e-04	2.738754e-04
1.118623e+04	6.339266e-04	5.457765e-04	2.758593e-04
1.123404e+04	6.353287e-04	5.448411e-04	2.744937e-04
1.128184e+04	6.375118e-04	5.548126e-04	2.761497e-04
1.132964e+04	6.419994e-04	5.513232e-04	2.733004e-04
1.137745e+04	6.423789e-04	5.509377e-04	2.716580e-04
1.142525e+04	6.477462e-04	5.561403e-04	2.702808e-04
1.147306e+04	6.504441e-04	5.578791e-04	2.710509e-04
1.152086e+04	6.625081e-04	5.631340e-04	2.751596e-04
1.156867e+04	6.542677e-04	5.621669e-04	2.725620e-04
1.161647e+04	6.662955e-04	5.658481e-04	2.793585e-04
1.166428e+04	6.653156e-04	5.666289e-04	2.829781e-04
1.171208e+04	6.711890e-04	5.703299e-04	2.748112e-04
1.175988e+04	6.677786e-04	5.667936e-04	3.018222e-04
1.180769e+04	6.773208e-04	5.677435e-04	2.800325e-04
1.185549e+04	6.698481e-04	5.719995e-04	2.767234e-04
1.190330e+04	6.781553e-04	5.714711e-04	2.782798e-04
1.195110e+04	6.770222e-04	5.729318e-04	2.767381e-04
1.199891e+04	6.866632e-04	5.775653e-04	2.792705e-04
1.204671e+04	6.889545e-04	5.785344e-04	2.797266e-04
1.209452e+04	6.963577e-04	5.828119e-04	2.838322e-04
1.214232e+04	6.901935e-04	5.792036e-04	2.822504e-04
1.219012e+04	7.052714e-04	5.888740e-04	2.847973e-04
1.223793e+04	6.970381e-04	5.809274e-04	2.795851e-04
1.228573e+04	6.984840e-04	5.920053e-04	2.827336e-04
1.233354e+04	6.972928e-04	5.893729e-04	2.840730e-04
1.238134e+04	7.028816e-04	5.921249e-04	2.898685e-04
1.242915e+04	7.045694e-04	5.913701e-04	2.870692e-04
1.247695e+04	7.065851e-04	5.970944e-04	2.954213e-04
1.252475e+04	7.107996e-04	5.937429e-04	3.061761e-04
1.257256e+04	7.128766e-04	5.984363e-04	2.960925e-04
1.262036e+04	7.124630e-04	6.010178e-04	2.972220e-04
1.266817e+04	7.120661e-04	6.052340e-04	3.099753e-04
1.271597e+04	7.122535e-04	6.043476e-04	3.041296e-04
1.276378e+04	7.238194e-04	6.077681e-04	2.968398e-04
1.281158e+04	7.212166e-04	6.079951e-04	2.967415e-04
1.285939e+04	7.230358e-04	6.102278e-04	3.091634e-04
1.290719e+04	7.253592e-04	6.056772e-04	3.077976e-04
1.295499e+04	7.295959e-04	6.109562e-04	2.970565e-04
1.300280e+04	7.354150e-04	6.087858e-04	3.167593e-04
1.305060e+04	7.387082e-04	6.178226e-04	2.947449e-04
1.309841e+04	7.422923e-04	6.118886e-04	2.904323e-04
1.314621e+04	7.501177e-04	6.180302e-04	2.915085e-04
1.319402e+04	7.511415e-04	6.163416e-04	2.923465e-04
1.324182e+04	7.509015e-04	6.264919e-04	3.030341e-04
1.328963e+04	7.536949e-04	6.216379e-04	3.108242e-04
1.333743e+04	7.588899e-04	6.233638e-04	3.003270e-04
1.338523e+04	7.626238e-04	6.159868e-04	3.024618e-04
1.343304e+04	7.698147e-04	6.265054e-04	2.979207e-04
1.348084e+04	7.683704e-04	6.177218e-04	3.043010e-04
1.352865e+04	7.761066e-04	6.203835e-04	3.166514e-04
1.357645e+04	7.790465e-04	6.186431e-04	3.003202e-04
1.362426e+04	7.810519e-04	6.288315e-04	3.316604e-04
1.367206e+04	7.871864e-04	6.222130e-04	3.015189e-04
1.371987e+04	7.945930e-04	6.270429e-04	3.001945e-04
1.376767e+04	7.965343e-04	6.233527e-04	2.986963e-04
1.381547e+04	7.916649e-04	6.376886e-04	3.006740e-04
1.386328e+04	7.928753e-04	6.306400e-04	3.011521e-04
1.391108e+04	7.994130e-04	6.371853e-04	3.036103e-04
1.395889e+04	8.029490e-04	6.327515e-04	3.055446e-04
1.400669e+04	8.086261e-04	6.488400e-04	3.174769e-04
1.405450e+04	8.090228e-04	6.319839e-04	3.112663e-04
1.410230e+04	8.118675e-04	6.415402e-04	3.245944e-04
1.415010e+04	8.091518e-04	6.331368e-04	3.194977e-04
1.419791e+04	8.151455e-04	6.437690e-04	3.387376e-04
1.424571e+04	8.182405e-04	6.337640e-04	3.208680e-04
1.429352e+04	8.236303e-04	6.459089e-04	3.468816e-04
1.434132e+04	8.246854e-04	6.396307e-04	3.230646e-04
1.438913e+04	8.287097e-04	6.463625e-04	3.241874e-04
1.443693e+04	8.256788e-04	6.431296e-04	3.269899e-04
1.448474e+04	8.313273e-04	6.504524e-04	3.300013e-04
1.453254e+04	8.383138e-04	6.472842e-04	3.282111e-04
1.458034e+04	8.474097e-04	6.580388e-04	3.330719e-04
1.462815e+04	8.432494e-04	6.445345e-04	3.301972e-04
1.467595e+04	8.548526e-04	6.525958e-04	3.340349e-04
1.472376e+04	8.551849e-04	6.441132e-04	3.305984e-04
1.477156e+04	8.625115e-04	6.629735e-04	3.377841e-04
1.481937e+04	8.636480e-04	6.511609e-04	3.334348e-04
1.486717e+04	8.665050e-04	6.581190e-04	3.549228e-04
1.491498e+04	8.655539e-04	6.554746e-04	3.439703e-04
1.496278e+04	8.737259e-04	6.675866e-04	3.605266e-04
1.501058e+04	8.737829e-04	6.574935e-04	3.440715e-04
1.505839e+04	8.750249e-04	6.668761e-04	3.496113e-04
1.510619e+04	8.792243e-04	6.644812e-04	3.487609e-04
1.515400e+04	8.802911e-04	6.755454e-04	3.712307e-04
1.520180e+04	8.823478e-04	6.695111e-04	3.650401e-04
1.524961e+04	8.932388e-04	6.800483e-04	3.732135e-04
1.529741e+04	8.968460e-04	6.643408e-04	3.657636e-04
1.534522e+04	8.966803e-04	6.775030e-04	3.684647e-04
1.539302e+04	9.032867e-04	6.704977e-04	3.651934e-04
1.544082e+04	9.062778e-04	6.742809e-04	3.672880e-04
1.548863e+04	9.062888e-04	6.743152e-04	3.659046e-04
1.553643e+04	9.048417e-04	6.840849e-04	3.663192e-04
1.558424e+04	9.118592e-04	6.759260e-04	3.644378e-04
1.563204e+04	9.107311e-04	6.802280e-04	3.665694e-04
1.567985e+04	9.140081e-04	6.780339e-04	3.619523e-04
1.572765e+04	9.141440e-04	6.827732e-04	3.653229e-04
1.577545e+04	9.205319e-04	6.766727e-04	3.723184e-04
1.582326e+04	9.243656e-04	6.772109e-04	3.827867e-04
1.587106e+04	9.238022e-04	6.715130e-04	3.673837e-04
1.591887e+04	9.267620e-04	6.832127e-04	3.709509e-04
1.596667e+04	9.302928e-04	6.747371e-04	3.873928e-04
1.601448e+04	9.324268e-04	6.778277e-04	3.778471e-04
1.606228e+04	9.317147e-04	6.782067e-04	3.945973e-04
1.611009e+04	9.346680e-04	6.803998e-04	3.827958e-04
1.615789e+04	9.360802e-04	6.718401e-04	3.850389e-04
1.620569e+04	9.345029e-04	6.703950e-04	3.855053e-04
1.625350e+04	9.367687e-04	6.640066e-04	3.861814e-04
1.630130e+04	9.269241e-04	6.754816e-04	3.921174e-04
1.634911e+04	9.355052e-04	6.688032e-04	3.914848e-04
1.639691e+04	9.368032e-04	6.719550e-04	3.932661e-04
1.644472e+04	9.347050e-04	6.685740e-04	3.949383e-04
1.649252e+04	9.349265e-04	6.812766e-04	3.990842e-04
1.654033e+04	9.416374e-04	6.718649e-04	3.998264e-04
1.658813e+04	9.381768e-04	6.784622e-04	4.031612e-04
1.663593e+04	9.386209e-04	6.636823e-04	4.054152e-04
1.668374e+04	9.397951e-04	6.716525e-04	4.052558e-04
1.673154e+04	9.425513e-04	6.585074e-04	4.112493e-04
1.677935e+04	9.446297e-04	6.615996e-04	4.182631e-04
1.682715e+04	9.459858e-04	6.610844e-04	4.067039e-04
1.687496e+04	9.490666e-04	6.710002e-04	4.299046e-04
1.692276e+04	9.478108e-04	6.596258e-04	4.085027e-04
1.697056e+04	9.477107e-04	6.677474e-04	4.059676e-04
1.701837e+04	9.517671e-04	6.576653e-04	4.084650e-04
1.706617e+04	9.532423e-04	6.694867e-04	4.120634e-04
1.711398e+04	9.625748e-04	6.612353e-04	4.076504e-04
1.716178e+04	9.620500e-04	6.732654e-04	4.112857e-04
1.720959e+04	9.602537e-04	6.656372e-04	4.090881e-04
1.725739e+04	9.615076e-04	6.804298e-04	4.132071e-04
1.730520e+04	9.685570e-04	6.653040e-04	4.120921e-04
1.735300e+04	9.672409e-04	6.709019e-04	4.243214e-04
1.740080e+04	9.707420e-04	6.664107e-04	4.123368e-04
1.744861e+04	9.660178e-04	6.808392e-04	4.370219e-04
1.749641e+04	9.729102e-04	6.648025e-04	4.225811e-04
1.754422e+04	9.704777e-04	6.710216e-04	4.209480e-04
1.759202e+04	9.725401e-04	6.673245e-04	4.228705e-04
1.763983e+04	9.783142e-04	6.721450e-04	4.232061e-04
1.768763e+04	9.692780e-04	6.661210e-04	4.243984e-04
1.773544e+04	9.724990e-04	6.682338e-04	4.261598e-04
1.778324e+04	9.708967e-04	6.672971e-04	4.232231e-04
1.783104e+04	9.789930e-04	6.745507e-04	4.219671e-04
1.787885e+04	9.770747e-04	6.631946e-04	4.187209e-04
1.792665e+04	9.744818e-04	6.698512e-04	4.183286e-04
1.797446e+04	9.767677e-04	6.673493e-04	4.169009e-04
1.802226e+04	9.823938e-04	6.772710e-04	4.180940e-04
1.807007e+04	9.800189e-04	6.748446e-04	4.178629e-04
1.811787e+04	9.869074e-04	6.744830e-04	4.168628e-04
1.816568e+04	9.852902e-04	6.803343e-04	4.134410e-04
1.821348e+04	9.898500e-04	6.786054e-04	4.330417e-04
1.826128e+04	9.886650e-04	6.779185e-04	4.206581e-04
1.830909e+04	9.923287e-04	6.828117e-04	4.329030e-04
1.835689e+04	1.000141e-03	6.786189e-04	4.227191e-04
1.840470e+04	1.002741e-03	6.880092e-04	4.392746e-04
1.845250e+04	1.003384e-03	6.841181e-04	4.224843e-04
1.850031e+04	1.004108e-03	6.881857e-04	4.395715e-04
1.854811e+04	1.009831e-03	6.893491e-04	4.236638e-04
1.859591e+04	1.016978e-03	6.939032e-04	4.406641e-04
1.864372e+04	1.012651e-03	6.913071e-04	4.321606e-04
1.869152e+04	1.016842e-03	6.906057e-04	4.546752e-04
1.873933e+04	1.018440e-03	6.897802e-04	4.373055e-04
1.878713e+04	1.026652e-03	7.002641e-04	4.379498e-04
1.883494e+04	1.032235e-03	6.967134e-04	4.426340e-04
1.888274e+04	1.032129e-03	6.992362e-04	4.432718e-04
1.893055e+04	1.034403e-03	6.997053e-04	4.417205e-04
1.897835e+04	1.042131e-03	7.037274e-04	4.601866e-04
1.902615e+04	1.041022e-03	7.028708e-04	4.437852e-04
1.907396e+04	1.045075e-03	7.003653e-04	4.518832e-04
1.912176e+04	1.048653e-03	7.010621e-04	4.480129e-04
1.916957e+04	1.055095e-03	7.034807e-04	4.597547e-04
1.921737e+04	1.046014e-03	7.078235e-04	4.491656e-04
1.926518e+04	1.050563e-03	7.091894e-04	4.472613e-04
1.931298e+04	1.056134e-03	7.133731e-04	4.550541e-04
1.936079e+04	1.062719e-03	7.190924e-04	4.450380e-04
1.940859e+04	1.064798e-03	7.148221e-04	4.487568e-04
1.945639e+04	1.067462e-03	7.135492e-04	4.475556e-04
1.950420e+04	1.067603e-03	7.260132e-04	4.466762e-04
1.955200e+04	1.078879e-03	7.178435e-04	4.451204e-04
1.959981e+04	1.076392e-03	7.293478e-04	4.460051e-04
1.964761e+04	1.072765e-03	7.249300e-04	4.505621e-04
1.969542e+04	1.076868e-03	7.332270e-04	4.476397e-04
1.974322e+04	1.084095e-03	7.231140e-04	4.513173e-04
1.979103e+04	1.088989e-03	7.316570e-04	4.499091e-04
1.983883e+04	1.081873e-03	7.283750e-04	4.554862e-04
1.988663e+04	1.082743e-03	7.363953e-04	4.550874e-04
1.993444e+04	1.091114e-03	7.229002e-04	4.570717e-04
1.998224e+04	1.092383e-03	7.351348e-04	4.625651e-04
2.003005e+04	1.092520e-03	7.320286e-04	4.604712e-04
2.007785e+04	1.096210e-03	7.366175e-04	4.659388e-04
2.012566e+04	1.103188e-03	7.268188e-04	4.617603e-04
2.017346e+04	1.099630e-03	7.231031e-04	4.703209e-04
2.022126e+04	1.099565e-03	7.317687e-04	4.673249e-04
2.026907e+04	1.101913e-03	7.183219e-04	4.720191e-04
2.031687e+04	1.109465e-03	7.250956e-04	4.701422e-04
2.036468e+04	1.105745e-03	7.196478e-04	4.743923e-04
2.041248e+04	1.103104e-03	7.324347e-04	4.787481e-04
2.046029e+04	1.105587e-03	7.225960e-04	4.728603e-04
2.050809e+04	1.113497e-03	7.214775e-04	4.842816e-04
2.055590e+04	1.111786e-03	7.225575e-04	4.690398e-04
2.060370e+04	1.111432e-03	7.301368e-04	4.707394e-04
2.065150e+04	1.114653e-03	7.161690e-04	4.767245e-04
2.069931e+04	1.123201e-03	7.125719e-04	4.839152e-04
2.074711e+04	1.125760e-03	7.126541e-04	4.798387e-04
2.079492e+04	1.120457e-03	7.105196e-04	4.934531e-04
2.084272e+04	1.124465e-03	7.056003e-04	4.830687e-04
2.089053e+04	1.130762e-03	7.065651e-04	5.012297e-04
2.093833e+04	1.130286e-03	7.016543e-04	4.886400e-04
2.098614e+04	1.118790e-03	7.070665e-04	5.096564e-04
2.103394e+04	1.126780e-03	7.026417e-04	4.936398e-04
2.108174e+04	1.117114e-03	7.180094e-04	4.987618e-04
2.112955e+04	1.128667e-03	7.156108e-04	4.995883e-04
2.117735e+04	1.114654e-03	7.197380e-04	5.033745e-04
2.122516e+04	1.116737e-03	7.190309e-04	5.031532e-04
2.127296e+04	1.116508e-03	7.156537e-04	5.096869e-04
2.132077e+04	1.121644e-03	7.164531e-04	4.985155e-04
2.136857e+04	1.122878e-03	7.141527e-04	5.032531e-04
2.141637e+04	1.115531e-03	7.178810e-04	4.980961e-04
2.146418e+04	1.114653e-03	7.137904e-04	4.975928e-04
2.151198e+04	1.117548e-03	7.199907e-04	4.985882e-04
2.155979e+04	1.125667e-03	7.158332e-04	4.976326e-04
2.160759e+04	1.124893e-03	7.235597e-04	4.914234e-04
2.165540e+04	1.125767e-03	7.129686e-04	4.947264e-04
2.170320e+04	1.132193e-03	7.171737e-04	4.925272e-04
2.175101e+04	1.130932e-03	7.129815e-04	4.921930e-04
2.179881e+04	1.141320e-03	7.080649e-04	4.938172e-04
2.184661e+04	1.138645e-03	7.169370e-04	4.919018e-04
2.189442e+04	1.144528e-03	7.087823e-04	4.991843e-04
2.194222e+04	1.142175e-03	7.063266e-04	5.016129e-04
2.199003e+04	1.148347e-03	7.108308e-04	4.971187e-04
2.203783e+04	1.148300e-03	7.083108e-04	4.973921e-04
2.208564e+04	1.153366e-03	7.141564e-04	4.890512e-04
2.213344e+04	1.153826e-03	7.030449e-04	4.861589e-04
2.218125e+04	1.157594e-03	7.133661e-04	4.830173e-04
2.222905e+04	1.164297e-03	7.035246e-04	4.832631e-04
2.227685e+04	1.164863e-03	7.203020e-04	4.787040e-04
2.232466e+04	1.162506e-03	7.104125e-04	4.818885e-04
2.237246e+04	1.167530e-03	7.174951e-04	4.788248e-04
2.242027e+04	1.169843e-03	7.101510e-04	4.789214e-04
2.246807e+04	1.173450e-03	7.215985e-04	4.800928e-04
2.251588e+04	1.170832e-03	7.151959e-04	4.796706e-04
2.256368e+04	1.176875e-03	7.193592e-04	4.826697e-04
2.261149e+04	1.176982e-03	7.167910e-04	4.832600e-04
2.265929e+04	1.187646e-03	7.180634e-04	4.936008e-04
2.270709e+04	1.183477e-03	7.211086e-04	4.865640e-04
2.275490e+04	1.186177e-03	7.200479e-04	4.917841e-04
2.280270e+04	1.187397e-03	7.196579e-04	4.909562e-04
2.285051e+04	1.195566e-03	7.183466e-04	4.937479e-04
2.289831e+04	1.194312e-03	7.183834e-04	4.867299e-04
2.294612e+04	1.198103e-03	7.201323e-04	4.884400e-04
2.299392e+04	1.197782e-03	7.179180e-04	4.796075e-04
2.304172e+04	1.207282e-03	7.206839e-04	4.865958e-04
2.308953e+04	1.208783e-03	7.164048e-04	4.802729e-04
2.313733e+04	1.213074e-03	7.211057e-04	4.827795e-04
2.318514e+04	1.211345e-03	7.213981e-04	4.794146e-04
2.323294e+04	1.218894e-03	7.245331e-04	4.833944e-04
2.328075e+04	1.215808e-03	7.206476e-04	4.781819e-04
2.332855e+04	1.213121e-03	7.278583e-04	4.847644e-04
2.337636e+04	1.206481e-03	7.220587e-04	4.883942e-04
2.342416e+04	1.208973e-03	7.277530e-04	4.981394e-04
2.347196e+04	1.213765e-03	7.261133e-04	4.908965e-04
2.351977e+04	1.214177e-03	7.302463e-04	4.987675e-04
2.356757e+04	1.208304e-03	7.306003e-04	4.931380e-04
2.361538e+04	1.210432e-03	7.246223e-04	5.103261e-04
2.366318e+04	1.211355e-03	7.280206e-04	4.934851e-04
2.371099e+04	1.217869e-03	7.259202e-04	5.041065e-04
2.375879e+04	1.216654e-03	7.273108e-04	4.883292e-04
2.380660e+04	1.212031e-03	7.215989e-04	5.081664e-04
2.385440e+04	1.216041e-03	7.183038e-04	4.880919e-04
2.390220e+04	1.217717e-03	7.153281e-04	5.031913e-04
2.395001e+04	1.219986e-03	7.197732e-04	4.891824e-04
2.399781e+04	1.214446e-03	7.273247e-04	5.097179e-04
2.404562e+04	1.219440e-03	7.171105e-04	4.928003e-04
2.409342e+04	1.215530e-03	7.208052e-04	5.085434e-04
2.414123e+04	1.224315e-03	7.201388e-04	4.936367e-04
2.418903e+04	1.219740e-03	7.258057e-04	5.194003e-04
2.423683e+04	1.226226e-03	7.231429e-04	5.020611e-04
2.428464e+04	1.228213e-03	7.183262e-04	5.192482e-04
2.433244e+04	1.230810e-03	7.144548e-04	5.113193e-04
2.438025e+04	1.228592e-03	7.126161e-04	5.249029e-04
2.442805e+04	1.226174e-03	7.191608e-04	5.172881e-04
2.447586e+04	1.231524e-03	7.187556e-04	5.293350e-04
2.452366e+04	1.240009e-03	7.172356e-04	5.177669e-04
2.457147e+04	1.234812e-03	7.207737e-04	5.424595e-04
2.461927e+04	1.239791e-03	7.209874e-04	5.223196e-04
2.466707e+04	1.241175e-03	7.180516e-04	5.473753e-04
2.471488e+04	1.249447e-03	7.213747e-04	5.243351e-04
2.476268e+04	1.242602e-03	7.170191e-04	5.518149e-04
2.481049e+04	1.247384e-03	7.218043e-04	5.226338e-04
2.485829e+04	1.252488e-03	7.149451e-04	5.419463e-04
2.490610e+04	1.256588e-03	7.224130e-04	5.213264e-04
2.495390e+04	1.258632e-03	7.133218e-04	5.446456e-04
2.500171e+04	1.261774e-03	7.179851e-04	5.230194e-04
2.504951e+04	1.265363e-03	7.081577e-04	5.400168e-04
2.509731e+04	1.264640e-03	7.191343e-04	5.266224e-04
2.514512e+04	1.270506e-03	7.138593e-04	5.443017e-04
2.519292e+04	1.269768e-03	7.220252e-04	5.276263e-04
2.524073e+04	1.275532e-03	7.159372e-04	5.415526e-04
2.528853e+04	1.279938e-03	7.235314e-04	5.273680e-04
2.533634e+04	1.283437e-03	7.220320e-04	5.487356e-04
2.538414e+04	1.280735e-03	7.233837e-04	5.389032e-04
2.543195e+04	1.283039e-03	7.145514e-04	5.472092e-04
2.547975e+04	1.288751e-03	7.252016e-04	5.350811e-04
2.552755e+04	1.301104e-03	7.176322e-04	5.434790e-04
2.557536e+04	1.297009e-03	7.215290e-04	5.374085e-04
2.562316e+04	1.297331e-03	7.188964e-04	5.429482e-04
2.567097e+04	1.297399e-03	7.148849e-04	5.386681e-04
2.571877e+04	1.308695e-03	7.187597e-04	5.452469e-04
2.576658e+04	1.308286e-03	7.127107e-04	5.418732e-04
2.581438e+04	1.305191e-03	7.161794e-04	5.397889e-04
2.586218e+04	1.304146e-03	7.079039e-04	5.409153e-04
2.590999e+04	1.321293e-03	7.154992e-04	5.448300e-04
2.595779e+04	1.314918e-03	7.139806e-04	5.495662e-04
2.600560e+04	1.312085e-03	7.216197e-04	5.472166e-04
2.605340e+04	1.315682e-03	7.120571e-04	5.490114e-04
2.610121e+04	1.326187e-03	7.184959e-04	5.557926e-04
2.614901e+04	1.312507e-03	7.126441e-04	5.573770e-04
2.619682e+04	1.305402e-03	7.247852e-04	5.608071e-04
2.624462e+04	1.308876e-03	7.130402e-04	5.626647e-04
2.629242e+04	1.323565e-03	7.184845e-04	5.717949e-04
2.634023e+04	1.316547e-03	7.143895e-04	5.745763e-04
2.638803e+04	1.311115e-03	7.237297e-04	5.759685e-04
2.643584e+04	1.302605e-03	7.197039e-04	5.810904e-04
2.648364e+04	1.316878e-03	7.251986e-04	5.844683e-04
2.653145e+04	1.312436e-03	7.201495e-04	5.832273e-04
2.657925e+04	1.302392e-03	7.269145e-04	5.846397e-04
2.662706e+04	1.301946e-03	7.202173e-04	5.870235e-04
2.667486e+04	1.317704e-03	7.251716e-04	5.875694e-04
2.672266e+04	1.317347e-03	7.187696e-04	5.876911e-04
2.677047e+04	1.306900e-03	7.238224e-04	5.916721e-04
2.681827e+04	1.311168e-03	7.181631e-04	5.916597e-04
2.686608e+04	1.323604e-03	7.178724e-04	5.987231e-04
2.691388e+04	1.321722e-03	7.131506e-04	5.954448e-04
2.696169e+04	1.315334e-03	7.252913e-04	5.949582e-04
2.700949e+04	1.316000e-03	7.232172e-04	5.886244e-04
2.705730e+04	1.334263e-03	7.250131e-04	5.914586e-04
2.710510e+04	1.331051e-03	7.180444e-04	5.852659e-04
2.715290e+04	1.320214e-03	7.280769e-04	5.949254e-04
2.720071e+04	1.326201e-03	7.209957e-04	5.842381e-04
2.724851e+04	1.338066e-03	7.253948e-04	5.905273e-04
2.729632e+04	1.334382e-03	7.172324e-04	5.862597e-04
2.734412e+04	1.321777e-03	7.298250e-04	5.946867e-04
2.739193e+04	1.320883e-03	7.259874e-04	5.864761e-04
2.743973e+04	1.327598e-03	7.316056e-04	5.950730e-04
2.748753e+04	1.333415e-03	7.257493e-04	5.840790e-04
2.753534e+04	1.322087e-03	7.365359e-04	5.935352e-04
2.758314e+04	1.320250e-03	7.271431e-04	5.862327e-04
2.763095e+04	1.329011e-03	7.313195e-04	6.015427e-04
2.767875e+04	1.336470e-03	7.167333e-04	5.845694e-04
2.772656e+04	1.330205e-03	7.296531e-04	5.936446e-04
2.777436e+04	1.331001e-03	7.236354e-04	5.771530e-04
2.782217e+04	1.337894e-03	7.237341e-04	5.932999e-04
2.786997e+04	1.340247e-03	7.139152e-04	5.836721e-04
2.791777e+04	1.328267e-03	7.257220e-04	6.056066e-04
2.796558e+04	1.330663e-03	7.196828e-04	5.911079e-04
2.801338e+04	1.331823e-03	7.238121e-04	6.161164e-04
2.806119e+04	1.334238e-03	7.166398e-04	6.051284e-04
2.810899e+04	1.320970e-03	7.255729e-04	6.206561e-04
2.815680e+04	1.325083e-03	7.176007e-04	6.049193e-04
2.820460e+04	1.332133e-03	7.298542e-04	6.165097e-04
2.825241e+04	1.334175e-03	7.221121e-04	6.057339e-04
2.830021e+04	1.327130e-03	7.372787e-04	6.175539e-04
2.834801e+04	1.323757e-03	7.250329e-04	6.062720e-04
2.839582e+04	1.327996e-03	7.384615e-04	6.176027e-04
2.844362e+04	1.329292e-03	7.223086e-04	6.082356e-04
2.849143e+04	1.322044e-03	7.377649e-04	6.203354e-04
2.853923e+04	1.318611e-03	7.270253e-04	6.065513e-04
2.858704e+04	1.332417e-03	7.323844e-04	6.162703e-04
2.863484e+04	1.324310e-03	7.131716e-04	6.144724e-04
2.868264e+04	1.322371e-03	7.305325e-04	6.225981e-04
2.873045e+04	1.321511e-03	7.213801e-04	6.131496e-04
2.877825e+04	1.331384e-03	7.297519e-04	6.218878e-04
2.882606e+04	1.322279e-03	7.188304e-04	6.147585e-04
2.887386e+04	1.316115e-03	7.410222e-04	6.244431e-04
2.892167e+04	1.324128e-03	7.288682e-04	6.100971e-04
2.896947e+04	1.320235e-03	7.391082e-04	6.312860e-04
2.901728e+04	1.327835e-03	7.237617e-04	6.121605e-04
2.906508e+04	1.322455e-03	7.505153e-04	6.271155e-04
2.911288e+04	1.327998e-03	7.352318e-04	6.099226e-04
2.916069e+04	1.318391e-03	7.463259e-04	6.267851e-04
2.920849e+04	1.322653e-03	7.327954e-04	6.112260e-04
2.925630e+04	1.318630e-03	7.473731e-04	6.248292e-04
2.930410e+04	1.325251e-03	7.327750e-04	6.098999e-04
2.935191e+04	1.319235e-03	7.408509e-04	6.212024e-04
2.939971e+04	1.318790e-03	7.306836e-04	6.160167e-04
2.944752e+04	1.315973e-03	7.402925e-04	6.309042e-04
2.949532e+04	1.327085e-03	7.247536e-04	6.174724e-04
2.954312e+04	1.322139e-03	7.354514e-04	6.300577e-04
2.959093e+04	1.328760e-03	7.318585e-04	6.181057e-04
2.963873e+04	1.323460e-03	7.487292e-04	6.264483e-04
2.968654e+04	1.336463e-03	7.378254e-04	6.101895e-04
2.973434e+04	1.325946e-03	7.560624e-04	6.263627e-04
2.978215e+04	1.329950e-03	7.469014e-04	6.125340e-04
2.982995e+04	1.326662e-03	7.616158e-04	6.238864e-04
2.987776e+04	1.333251e-03	7.467362e-04	6.113195e-04
2.992556e+04	1.321524e-03	7.540561e-04	6.281840e-04
2.997336e+04	1.324911e-03	7.500502e-04	6.152933e-04
3.002117e+04	1.326025e-03	7.585522e-04	6.319217e-04
3.006897e+04	1.325905e-03	7.509330e-04	6.198736e-04
3.011678e+04	1.320805e-03	7.519979e-04	6.370593e-04
3.016458e+04	1.327931e-03	7.494880e-04	6.187662e-04
3.021239e+04	1.327736e-03	7.536366e-04	6.372337e-04
3.026019e+04	1.334896e-03	7.413474e-04	6.197086e-04
3.030799e+04	1.324301e-03	7.534561e-04	6.347992e-04
3.035580e+04	1.324759e-03	7.482955e-04	6.152379e-04
3.040360e+04	1.316704e-03	7.615137e-04	6.331964e-04
3.045141e+04	1.319330e-03	7.506205e-04	6.137657e-04
3.049921e+04	1.307006e-03	7.540302e-04	6.362915e-04
3.054702e+04	1.317902e-03	7.515923e-04	6.155741e-04
3.059482e+04	1.314750e-03	7.609625e-04	6.327010e-04
3.064263e+04	1.322980e-03	7.503119e-04	6.137182e-04
3.069043e+04	1.310615e-03	7.591306e-04	6.333811e-04
3.073823e+04	1.321270e-03	7.500285e-04	6.171515e-04
3.078604e+04	1.315608e-03	7.587826e-04	6.359356e-04
3.083384e+04	1.323022e-03	7.474704e-04	6.172052e-04
3.088165e+04	1.308851e-03	7.542537e-04	6.302789e-04
3.092945e+04	1.319580e-03	7.486772e-04	6.168537e-04
3.097726e+04	1.317366e-03	7.563020e-04	6.351495e-04
3.102506e+04	1.325467e-03	7.429394e-04	6.159388e-04
3.107287e+04	1.313190e-03	7.523306e-04	6.357487e-04
3.112067e+04	1.329372e-03	7.449430e-04	6.097203e-04
3.116847e+04	1.319855e-03	7.520964e-04	6.286900e-04
3.121628e+04	1.330798e-03	7.382517e-04	6.072362e-04
3.126408e+04	1.314347e-03	7.508352e-04	6.224135e-04
3.131189e+04	1.325677e-03	7.393066e-04	6.067849e-04
3.135969e+04	1.317796e-03	7.486696e-04	6.311786e-04
3.140750e+04	1.326141e-03	7.392301e-04	6.064961e-04
3.145530e+04	1.316957e-03	7.509522e-04	6.235092e-04
3.150311e+04	1.326379e-03	7.419026e-04	6.076368e-04
3.155091e+04	1.318723e-03	7.479379e-04	6.292858e-04
3.159871e+04	1.323915e-03	7.350055e-04	6.100674e-04
3.164652e+04	1.309419e-03	7.486459e-04	6.270260e-04
3.169432e+04	1.319510e-03	7.423112e-04	6.085183e-04
3.174213e+04	1.315277e-03	7.497156e-04	6.363929e-04
3.178993e+04	1.318038e-03	7.415075e-04	6.174456e-04
3.183774e+04	1.307709e-03	7.476962e-04	6.352194e-04
3.188554e+04	1.314415e-03	7.479864e-04	6.161076e-04
3.193334e+04	1.318241e-03	7.517023e-04	6.333846e-04
3.198115e+04	1.321540e-03	7.464836e-04	6.124738e-04
3.202895e+04	1.319158e-03	7.402325e-04	6.316372e-04
3.207676e+04	1.320053e-03	7.419377e-04	6.148264e-04
3.212456e+04	1.329904e-03	7.450717e-04	6.357275e-04
3.217237e+04	1.329219e-03	7.490151e-04	6.158166e-04
3.222017e+04	1.328831e-03	7.417429e-04	6.348150e-04
3.226798e+04	1.328695e-03	7.471031e-04	6.145340e-04
3.231578e+04	1.335319e-03	7.471354e-04	6.380319e-04
3.236358e+04	1.338103e-03	7.462852e-04	6.158804e-04
3.241139e+04	1.330198e-03	7.525417e-04	6.301172e-04
3.245919e+04	1.327658e-03	7.505942e-04	6.231679e-04
3.250700e+04	1.327513e-03	7.616868e-04	6.304105e-04
3.255480e+04	1.339210e-03	7.509682e-04	6.215816e-04
3.260261e+04	1.325268e-03	7.613184e-04	6.286644e-04
3.265041e+04	1.321674e-03	7.535071e-04	6.200341e-04
3.269822e+04	1.326347e-03	7.578145e-04	6.365532e-04
3.274602e+04	1.333601e-03	7.513933e-04	6.212128e-04
3.279382e+04	1.325731e-03	7.525207e-04	6.351424e-04
3.284163e+04	1.323083e-03	7.516755e-04	6.179299e-04
3.288943e+04	1.328759e-03	7.480430e-04	6.439631e-04
3.293724e+04	1.335832e-03	7.470093e-04	6.223363e-04
3.298504e+04	1.322275e-03	7.461187e-04	6.422936e-04
3.303285e+04	1.311740e-03	7.459558e-04	6.329924e-04
3.308065e+04	1.315055e-03	7.523250e-04	6.538032e-04
3.312845e+04	1.322351e-03	7.437425e-04	6.336009e-04
3.317626e+04	1.309923e-03	7.495199e-04	6.489673e-04
3.322406e+04	1.304223e-03	7.566533e-04	6.309363e-04
3.327187e+04	1.310215e-03	7.607615e-04	6.519483e-04
3.331967e+04	1.314388e-03	7.542452e-04	6.330368e-04
3.336748e+04	1.311324e-03	7.541803e-04	6.483921e-04
3.341528e+04	1.309422e-03	7.526061e-04	6.351928e-04
3.346309e+04	1.310713e-03	7.571342e-04	6.585150e-04
3.351089e+04	1.314428e-03	7.520803e-04	6.411606e-04
3.355869e+04	1.307412e-03	7.541700e-04	6.578525e-04
3.360650e+04	1.301404e-03	7.559897e-04	6.396052e-04
3.365430e+04	1.314643e-03	7.520834e-04	6.583859e-04
3.370211e+04	1.318902e-03	7.492891e-04	6.385861e-04
3.374991e+04	1.312061e-03	7.510822e-04	6.556360e-04
3.379772e+04	1.309658e-03	7.468076e-04	6.377281e-04
3.384552e+04	1.317124e-03	7.481391e-04	6.550776e-04
3.389333e+04	1.321043e-03	7.432726e-04	6.364263e-04
3.394113e+04	1.307670e-03	7.430643e-04	6.550590e-04
3.398893e+04	1.301075e-03	7.419469e-04	6.442341e-04
3.403674e+04	1.308682e-03	7.493734e-04	6.556539e-04
3.408454e+04	1.313291e-03	7.372991e-04	6.449183e-04
3.413235e+04	1.305408e-03	7.416434e-04	6.613264e-04
3.418015e+04	1.300122e-03	7.378543e-04	6.516074e-04
3.422796e+04	1.307347e-03	7.501939e-04	6.591813e-04
3.427576e+04	1.316445e-03	7.370354e-04	6.542493e-04
3.432357e+04	1.308816e-03	7.442615e-04	6.577184e-04
3.437137e+04	1.301496e-03	7.410914e-04	6.494918e-04
3.441917e+04	1.309091e-03	7.491696e-04	6.580411e-04
3.446698e+04	1.315229e-03	7.411104e-04	6.492049e-04
3.451478e+04	1.310345e-03	7.440297e-04	6.589007e-04
3.456259e+04	1.303645e-03	7.394508e-04	6.505185e-04
3.461039e+04	1.310941e-03	7.507576e-04	6.588884e-04
3.465820e+04	1.316719e-03	7.406140e-04	6.489621e-04
3.470600e+04	1.310768e-03	7.480230e-04	6.589215e-04
3.475380e+04	1.306565e-03	7.397530e-04	6.505461e-04
3.480161e+04	1.313804e-03	7.522858e-04	6.600913e-04
3.484941e+04	1.320847e-03	7.405342e-04	6.529474e-04
3.489722e+04	1.312537e-03	7.452676e-04	6.606150e-04
3.494502e+04	1.308923e-03	7.373357e-04	6.585186e-04
3.499283e+04	1.311428e-03	7.487775e-04	6.758443e-04
3.504063e+04	1.321352e-03	7.345206e-04	6.638230e-04
3.508844e+04	1.308728e-03	7.450385e-04	6.746080e-04
3.513624e+04	1.305436e-03	7.369377e-04	6.644311e-04
3.518404e+04	1.310437e-03	7.537443e-04	6.776790e-04
3.523185e+04	1.320387e-03	7.410466e-04	6.632569e-04
3.527965e+04	1.314607e-03	7.530842e-04	6.731937e-04
3.532746e+04	1.311165e-03	7.428845e-04	6.643469e-04
3.537526e+04	1.312721e-03	7.549892e-04	6.745922e-04
3.542307e+04	1.320590e-03	7.454712e-04	6.569017e-04
3.547087e+04	1.312685e-03	7.537221e-04	6.681593e-04
3.551868e+04	1.308416e-03	7.497165e-04	6.511989e-04
3.556648e+04	1.315385e-03	7.567526e-04	6.627264e-04
3.561428e+04	1.322914e-03	7.490331e-04	6.541094e-04
3.566209e+04	1.322192e-03	7.533392e-04	6.601221e-04
3.570989e+04	1.314374e-03	7.480074e-04	6.503139e-04
3.575770e+04	1.322350e-03	7.510362e-04	6.618673e-04
3.580550e+04	1.324392e-03	7.484419e-04	6.507895e-04
3.585331e+04	1.320688e-03	7.568640e-04	6.566434e-04
3.590111e+04	1.311129e-03	7.513974e-04	6.499308e-04
3.594892e+04	1.318448e-03	7.601481e-04	6.531851e-04
3.599672e+04	1.326253e-03	7.562148e-04	6.439143e-04
3.604452e+04	1.323453e-03	7.626451e-04	6.487458e-04
3.609233e+04	1.317067e-03	7.529963e-04	6.428630e-04
3.614013e+04	1.327447e-03	7.631084e-04	6.458291e-04
3.618794e+04	1.333992e-03	7.516862e-04	6.418624e-04
3.623574e+04	1.328381e-03	7.643934e-04	6.478104e-04
3.628355e+04	1.322027e-03	7.524872e-04	6.457909e-04
3.633135e+04	1.327382e-03	7.661346e-04	6.525224e-04
3.637915e+04	1.332789e-03	7.556873e-04	6.500278e-04
3.642696e+04	1.327147e-03	7.708532e-04	6.543085e-04
3.647476e+04	1.319315e-03	7.558346e-04	6.510788e-04
3.652257e+04	1.322920e-03	7.660297e-04	6.589724e-04
3.657037e+04	1.332731e-03	7.560060e-04	6.513821e-04
3.661818e+04	1.328876e-03	7.691592e-04	6.567222e-04
3.666598e+04	1.325512e-03	7.527492e-04	6.456336e-04
3.671379e+04	1.331132e-03	7.676352e-04	6.554190e-04
3.676159e+04	1.335880e-03	7.605022e-04	6.524625e-04
3.680939e+04	1.330048e-03	7.684810e-04	6.616130e-04
3.685720e+04	1.320624e-03	7.627951e-04	6.512047e-04
3.690500e+04	1.328311e-03	7.743483e-04	6.621302e-04
3.695281e+04	1.333198e-03	7.685017e-04	6.525117e-04
3.700061e+04	1.332588e-03	7.734977e-04	6.607403e-04
3.704842e+04	1.328132e-03	7.659490e-04	6.514668e-04
3.709622e+04	1.329595e-03	7.719520e-04	6.598797e-04
3.714403e+04	1.324488e-03	7.678723e-04	6.585237e-04
3.719183e+04	1.324879e-03	7.756376e-04	6.648239e-04
3.723963e+04	1.316454e-03	7.722410e-04	6.565947e-04
3.728744e+04	1.324793e-03	7.752226e-04	6.718468e-04
3.733524e+04	1.312014e-03	7.743371e-04	6.678247e-04
3.738305e+04	1.321609e-03	7.860080e-04	6.793999e-04
3.743085e+04	1.316582e-03	7.878782e-04	6.650012e-04
3.747866e+04	1.315396e-03	7.889783e-04	6.844852e-04
3.752646e+04	1.310936e-03	7.948530e-04	6.611193e-04
3.757426e+04	1.314761e-03	7.964513e-04	6.674269e-04
3.762207e+04	1.310030e-03	7.893912e-04	6.599106e-04
3.766987e+04	1.310290e-03	7.921821e-04	6.735383e-04
3.771768e+04	1.311813e-03	7.898654e-04	6.598459e-04
3.776548e+04	1.315729e-03	7.922640e-04	6.709955e-04
3.781329e+04	1.312837e-03	7.745763e-04	6.601339e-04
3.786109e+04	1.323252e-03	7.872585e-04	6.719596e-04
3.790890e+04	1.320117e-03	7.774859e-04	6.621858e-04
3.795670e+04	1.318807e-03	7.944794e-04	6.726850e-04
3.800450e+04	1.316144e-03	7.804200e-04	6.618382e-04
3.805231e+04	1.314936e-03	7.962288e-04	6.864049e-04
3.810011e+04	1.315068e-03	7.807376e-04	6.636339e-04
3.814792e+04	1.317796e-03	7.937992e-04	6.822979e-04
3.819572e+04	1.315534e-03	7.814900e-04	6.644126e-04
3.824353e+04	1.320784e-03	7.939947e-04	6.872217e-04
3.829133e+04	1.318798e-03	7.837766e-04	6.621766e-04
3.833914e+04	1.324815e-03	7.965546e-04	6.820174e-04
3.838694e+04	1.322696e-03	7.820115e-04	6.617413e-04
3.843474e+04	1.328282e-03	7.914266e-04	6.865081e-04
3.848255e+04	1.322771e-03	7.854516e-04	6.621681e-04
3.853035e+04	1.327072e-03	7.959428e-04	6.832203e-04
3.857816e+04	1.326313e-03	7.803223e-04	6.646909e-04
3.862596e+04	1.331312e-03	7.908801e-04	6.865857e-04
3.867377e+04	1.327789e-03	7.801253e-04	6.672585e-04
3.872157e+04	1.327776e-03	7.915764e-04	6.819976e-04
3.876938e+04	1.325004e-03	7.806699e-04	6.629511e-04
3.881718e+04	1.336202e-03	7.885769e-04	6.868352e-04
3.886498e+04	1.332005e-03	7.766893e-04	6.621807e-04
3.891279e+04	1.338351e-03	7.894767e-04	6.775056e-04
3.896059e+04	1.338819e-03	7.781940e-04	6.616162e-04
3.900840e+04	1.346830e-03	7.923035e-04	6.850794e-04
3.905620e+04	1.342567e-03	7.816849e-04	6.647803e-04
3.910401e+04	1.341177e-03	7.976368e-04	6.814461e-04
3.915181e+04	1.336528e-03	7.876744e-04	6.661778e-04
3.919961e+04	1.348273e-03	7.892108e-04	6.866221e-04
3.924742e+04	1.346592e-03	7.942215e-04	6.653821e-04
3.929522e+04	1.348932e-03	7.981540e-04	6.811645e-04
3.934303e+04	1.344386e-03	7.899017e-04	6.701517e-04
3.939083e+04	1.355401e-03	7.935378e-04	6.852752e-04
3.943864e+04	1.347973e-03	7.934975e-04	6.681356e-04
3.948644e+04	1.350109e-03	7.920693e-04	6.879672e-04
3.953425e+04	1.349933e-03	7.898068e-04	6.647537e-04
3.958205e+04	1.362668e-03	7.874758e-04	6.928226e-04
3.962985e+04	1.356840e-03	7.956590e-04	6.670659e-04
3.967766e+04	1.352804e-03	7.985628e-04	6.917813e-04
3.972546e+04	1.351635e-03	7.898766e-04	6.691739e-04
3.977327e+04	1.361425e-03	7.974928e-04	6.943433e-04
3.982107e+04	1.355926e-03	7.889688e-04	6.677223e-04
3.986888e+04	1.360612e-03	7.942267e-04	6.881328e-04
3.991668e+04	1.358957e-03	7.851568e-04	6.675217e-04
3.996449e+04	1.368289e-03	7.995677e-04	6.908229e-04
4.001229e+04	1.366158e-03	7.882576e-04	6.668542e-04
4.006009e+04	1.365605e-03	7.902978e-04	6.875646e-04
4.010790e+04	1.364252e-03	7.875134e-04	6.698513e-04
4.015570e+04	1.373294e-03	7.950045e-04	6.962498e-04
4.020351e+04	1.365848e-03	7.839372e-04	6.773288e-04
4.025131e+04	1.368981e-03	7.875560e-04	6.957407e-04
4.029912e+04	1.368685e-03	7.786746e-04	6.817568e-04
4.034692e+04	1.378350e-03	7.965609e-04	7.037774e-04
4.039472e+04	1.370773e-03	7.928921e-04	6.792974e-04
4.044253e+04	1.373080e-03	7.953835e-04	6.946437e-04
4.049033e+04	1.374373e-03	7.896646e-04	6.815470e-04
4.053814e+04	1.377606e-03	7.976018e-04	6.929748e-04
4.058594e+04	1.371625e-03	7.892298e-04	6.822111e-04
4.063375e+04	1.372032e-03	7.932368e-04	6.977437e-04
4.068155e+04	1.366670e-03	7.908102e-04	6.818582e-04
4.072936e+04	1.374803e-03	7.934914e-04	7.045027e-04
4.077716e+04	1.366113e-03	7.946895e-04	6.817676e-04
4.082496e+04	1.368186e-03	7.888865e-04	7.067790e-04
4.087277e+04	1.365515e-03	7.918272e-04	6.864673e-04
4.092057e+04	1.374575e-03	8.027100e-04	7.037891e-04
4.096838e+04	1.370209e-03	7.965135e-04	6.867394e-04
4.101618e+04	1.374169e-03	7.984925e-04	7.013504e-04
4.106399e+04	1.374063e-03	7.928988e-04	6.862757e-04
4.111179e+04	1.387715e-03	8.117628e-04	6.953573e-04
4.115960e+04	1.374874e-03	8.001197e-04	6.839218e-04
4.120740e+04	1.377436e-03	8.039633e-04	7.023576e-04
4.125520e+04	1.378851e-03	7.949362e-04	6.872909e-04
4.130301e+04	1.390883e-03	8.050353e-04	7.031092e-04
4.135081e+04	1.386933e-03	7.907400e-04	6.907076e-04
4.139862e+04	1.384309e-03	8.026740e-04	7.019219e-04
4.144642e+04	1.374170e-03	7.930581e-04	6.865016e-04
4.149423e+04	1.387843e-03	8.106322e-04	6.984748e-04
4.154203e+04	1.382630e-03	7.967154e-04	6.880148e-04
4.158984e+04	1.380525e-03	8.043202e-04	7.050550e-04
4.163764e+04	1.381452e-03	7.880756e-04	6.929590e-04
4.168544e+04	1.387146e-03	8.038631e-04	7.063990e-04
4.173325e+04	1.389917e-03	7.941298e-04	6.885112e-04
4.178105e+04	1.391319e-03	8.096118e-04	6.995975e-04
4.182886e+04	1.389441e-03	7.930632e-04	6.955458e-04
4.187666e+04	1.393002e-03	8.116061e-04	7.067503e-04
4.192447e+04	1.390243e-03	7.988774e-04	6.981707e-04
4.197227e+04	1.391109e-03	8.032470e-04	7.077332e-04
4.202007e+04	1.386822e-03	7.948865e-04	6.971280e-04
4.206788e+04	1.391097e-03	8.099864e-04	7.111896e-04
4.211568e+04	1.391231e-03	7.910664e-04	7.011555e-04
4.216349e+04	1.394457e-03	7.962428e-04	7.127976e-04
4.221129e+04	1.386861e-03	7.901307e-04	7.039939e-04
4.225910e+04	1.392504e-03	8.046528e-04	7.143456e-04
4.230690e+04	1.388140e-03	7.873339e-04	7.031089e-04
4.235471e+04	1.386645e-03	7.914445e-04	7.167266e-04
4.240251e+04	1.388825e-03	7.816073e-04	7.039724e-04
4.245031e+04	1.393019e-03	7.952874e-04	7.218454e-04
4.249812e+04	1.389621e-03	7.847051e-04	7.064075e-04
4.254592e+04	1.391446e-03	7.868852e-04	7.222686e-04
4.259373e+04	1.389119e-03	7.826507e-04	7.087048e-04
4.264153e+04	1.382643e-03	7.968915e-04	7.257453e-04
4.268934e+04	1.381009e-03	7.871024e-04	7.095765e-04
4.273714e+04	1.376536e-03	8.072181e-04	7.277432e-04
4.278495e+04	1.379424e-03	7.893048e-04	7.099269e-04
4.283275e+04	1.377479e-03	7.981137e-04	7.208502e-04
4.288055e+04	1.380826e-03	7.866041e-04	7.034124e-04
4.292836e+04	1.387142e-03	7.944051e-04	7.202354e-04
4.297616e+04	1.375726e-03	7.912119e-04	7.006607e-04
4.302397e+04	1.378355e-03	8.033408e-04	7.130715e-04
4.307177e+04	1.384069e-03	7.897792e-04	6.980474e-04
4.311958e+04	1.386215e-03	8.076901e-04	7.175877e-04
4.316738e+04	1.379517e-03	7.947576e-04	7.004283e-04
4.321519e+04	1.381401e-03	8.085362e-04	7.200144e-04
4.326299e+04	1.386864e-03	7.924718e-04	7.009921e-04
4.331079e+04	1.382699e-03	8.151222e-04	7.174988e-04
4.335860e+04	1.383267e-03	8.015512e-04	6.989221e-04
4.340640e+04	1.382890e-03	8.178288e-04	7.194047e-04
4.345421e+04	1.387312e-03	8.014696e-04	7.011451e-04
4.350201e+04	1.381580e-03	8.225503e-04	7.261863e-04
4.354982e+04	1.381449e-03	8.058156e-04	7.083869e-04
4.359762e+04	1.381571e-03	8.169115e-04	7.276043e-04
4.364542e+04	1.385607e-03	8.033542e-04	7.093089e-04
4.369323e+04	1.385297e-03	8.182849e-04	7.358285e-04
4.374103e+04	1.384192e-03	8.072595e-04	7.132076e-04
4.378884e+04	1.380332e-03	8.151087e-04	7.362416e-04
4.383664e+04	1.379171e-03	8.102191e-04	7.163135e-04
4.388445e+04	1.376653e-03	8.283717e-04	7.396916e-04
4.393225e+04	1.374893e-03	8.246123e-04	7.161037e-04
4.398006e+04	1.375409e-03	8.244277e-04	7.406964e-04
4.402786e+04	1.372044e-03	8.153143e-04	7.178412e-04
4.407566e+04	1.372728e-03	8.299510e-04	7.416418e-04
4.412347e+04	1.373999e-03	8.178813e-04	7.106574e-04
4.417127e+04	1.368874e-03	8.175868e-04	7.339819e-04
4.421908e+04	1.363511e-03	8.167088e-04	7.119974e-04
4.426688e+04	1.364540e-03	8.309771e-04	7.331446e-04
4.431469e+04	1.366184e-03	8.255583e-04	7.120179e-04
4.436249e+04	1.373754e-03	8.206068e-04	7.330895e-04
4.441030e+04	1.362661e-03	8.199373e-04	7.185830e-04
4.445810e+04	1.366196e-03	8.253804e-04	7.410693e-04
4.450590e+04	1.365352e-03	8.236205e-04	7.187024e-04
4.455371e+04	1.375755e-03	8.189292e-04	7.361038e-04
4.460151e+04	1.362513e-03	8.177463e-04	7.202511e-04
4.464932e+04	1.368833e-03	8.227900e-04	7.384848e-04
4.469712e+04	1.363048e-03	8.183494e-04	7.218319e-04
4.474493e+04	1.373039e-03	8.196327e-04	7.438335e-04
4.479273e+04	1.364704e-03	8.154111e-04	7.259344e-04
4.484053e+04	1.367297e-03	8.232446e-04	7.461200e-04
4.488834e+04	1.363649e-03	8.227616e-04	7.248566e-04
4.493614e+04	1.375969e-03	8.190433e-04	7.557550e-04
4.498395e+04	1.365801e-03	8.201603e-04	7.223451e-04
4.503175e+04	1.370093e-03	8.264222e-04	7.453988e-04
4.507956e+04	1.364927e-03	8.249602e-04	7.373792e-04
4.512736e+04	1.374889e-03	8.325742e-04	7.425193e-04
4.517517e+04	1.365257e-03	8.207422e-04	7.284508e-04
4.522297e+04	1.377973e-03	8.258831e-04	7.546127e-04
4.527077e+04	1.373322e-03	8.282552e-04	7.215514e-04
4.531858e+04	1.381196e-03	8.297502e-04	7.367535e-04
4.536638e+04	1.375227e-03	8.214858e-04	7.245313e-04
4.541419e+04	1.373563e-03	8.383231e-04	7.349299e-04
4.546199e+04	1.371452e-03	8.335626e-04	7.255834e-04
4.550980e+04	1.368996e-03	8.392471e-04	7.408809e-04
4.555760e+04	1.366313e-03	8.415047e-04	7.208041e-04
4.560541e+04	1.362932e-03	8.331835e-04	7.454648e-04
4.565321e+04	1.362830e-03	8.336851e-04	7.258335e-04
4.570101e+04	1.366054e-03	8.418314e-04	7.315611e-04
4.574882e+04	1.365508e-03	8.350090e-04	7.284783e-04
4.579662e+04	1.368252e-03	8.378714e-04	7.347720e-04
4.584443e+04	1.366460e-03	8.426380e-04	7.252180e-04
4.589223e+04	1.369958e-03	8.326034e-04	7.277634e-04
4.594004e+04	1.366762e-03	8.389337e-04	7.197602e-04
4.598784e+04	1.371938e-03	8.354024e-04	7.287642e-04
4.603565e+04	1.368993e-03	8.298722e-04	7.252678e-04
4.608345e+04	1.377032e-03	8.351735e-04	7.282395e-04
4.613125e+04	1.368643e-03	8.343169e-04	7.199481e-04
4.617906e+04	1.371731e-03	8.303430e-04	7.387187e-04
4.622686e+04	1.368300e-03	8.359210e-04	7.202161e-04
4.627467e+04	1.375867e-03	8.281736e-04	7.359981e-04
4.632247e+04	1.366876e-03	8.296723e-04	7.262265e-04
4.637028e+04	1.367104e-03	8.354870e-04	7.438361e-04
4.641808e+04	1.364000e-03	8.340723e-04	7.232169e-04
4.646588e+04	1.371743e-03	8.315138e-04	7.393042e-04
4.651369e+04	1.365879e-03	8.291411e-04	7.176808e-04
4.656149e+04	1.369806e-03	8.421666e-04	7.373245e-04
4.660930e+04	1.367430e-03	8.326901e-04	7.194848e-04
4.665710e+04	1.375376e-03	8.390798e-04	7.322343e-04
4.670491e+04	1.370161e-03	8.336029e-04	7.180083e-04
4.675271e+04	1.376648e-03	8.425463e-04	7.373405e-04
4.680052e+04	1.373924e-03	8.287396e-04	7.182771e-04
4.684832e+04	1.379536e-03	8.400716e-04	7.340627e-04
4.689612e+04	1.371485e-03	8.400594e-04	7.123228e-04
4.694393e+04	1.377532e-03	8.471346e-04	7.325062e-04
4.699173e+04	1.369527e-03	8.350865e-04	7.106523e-04
4.703954e+04	1.375732e-03	8.462610e-04	7.230925e-04
4.708734e+04	1.371025e-03	8.424747e-04	7.104551e-04
4.713515e+04	1.371056e-03	8.551046e-04	7.222133e-04
4.718295e+04	1.362995e-03	8.350709e-04	7.113517e-04
4.723076e+04	1.372872e-03	8.459892e-04	7.314893e-04
4.727856e+04	1.368726e-03	8.416479e-04	7.104750e-04
4.732636e+04	1.373325e-03	8.453174e-04	7.268860e-04
4.737417e+04	1.370088e-03	8.372125e-04	7.118791e-04
4.742197e+04	1.375416e-03	8.431640e-04	7.255014e-04
4.746978e+04	1.368191e-03	8.400797e-04	7.150868e-04
4.751758e+04	1.371267e-03	8.460946e-04	7.330601e-04
4.756539e+04	1.366713e-03	8.423706e-04	7.125298e-04
4.761319e+04	1.376714e-03	8.392712e-04	7.240130e-04
4.766100e+04	1.371288e-03	8.458156e-04	7.109872e-04
4.770880e+04	1.379179e-03	8.383719e-04	7.198149e-04
4.775660e+04	1.376177e-03	8.377976e-04	7.161204e-04
4.780441e+04	1.380066e-03	8.362173e-04	7.252012e-04
4.785221e+04	1.374624e-03	8.410490e-04	7.172269e-04
