0.000000e+00	0.000000e+00	1.414692e-18	0.000000e+00	4.999659e-01	3.191060e-01	0.000000e+00	-nan	-nan
4.785221e+04	9.224497e-04	5.935650e-04	3.263116e-04	4.999659e-01	1.887230e-01	9.804907e-04	4.608509e-04	1.441342e-03
9.560882e+04	1.350012e-03	7.465717e-04	4.746488e-04	4.999659e-01	1.423165e-01	1.633430e-03	5.599581e-04	2.193388e-03
1.434132e+05	1.789675e-03	8.694644e-04	5.118067e-04	4.999659e-01	1.398321e-01	3.409028e-03	6.317191e-04	4.040747e-03
1.912654e+05	1.807818e-03	9.700129e-04	5.979830e-04	4.999659e-01	1.134811e-01	3.853550e-04	6.661492e-04	1.051504e-03
2.390698e+05	1.528564e-03	8.427795e-04	6.466505e-04	4.999659e-01	1.183301e-01	3.578693e-04	6.782871e-04	1.036156e-03
2.868743e+05	1.681270e-03	8.193048e-04	5.644768e-04	4.999659e-01	1.225055e-01	9.199652e-04	6.711324e-04	1.591098e-03
3.346309e+05	1.281509e-03	8.188236e-04	4.973122e-04	4.999659e-01	1.432272e-01	1.418100e-03	6.674819e-04	2.085582e-03
3.824353e+05	1.422295e-03	8.436452e-04	4.751012e-04	4.999659e-01	1.353559e-01	5.174317e-04	6.590020e-04	1.176434e-03
4.302397e+05	1.495608e-03	8.610283e-04	5.381811e-04	4.999659e-01	1.353106e-01	9.002550e-04	6.575016e-04	1.557757e-03
0.000000e+00	0.000000e+00	1.521009e-18	0.000000e+00	5.315133e-01	3.700183e-01	0.000000e+00	-nan	-0.000000e+00	-nan
4.785221e+04	-nan	-nan	-nan	1.306363e-01	1.126702e-01	-nan	0.000000e+00	-nan	-nan
9.560882e+04	6.025540e-08	2.157524e-08	4.628943e-09	1.107770e-01	1.006106e-01	4.740297e-15	0.000000e+00	-0.000000e+00	4.740297e-15
1.434132e+05	5.549668e-08	1.986189e-08	7.583614e-09	1.010688e-01	9.435194e-02	-8.795045e-13	0.000000e+00	-0.000000e+00	-8.795045e-13
1.912654e+05	8.029336e-08	2.367118e-08	9.747444e-07	9.754401e-02	9.218751e-02	-7.866102e-13	0.000000e+00	-0.000000e+00	-7.866102e-13
2.390698e+05	6.591022e-08	2.248388e-08	9.892429e-07	9.466825e-02	9.056787e-02	-9.629101e-13	0.000000e+00	-0.000000e+00	-9.629101e-13
2.868743e+05	7.070138e-08	2.122484e-08	9.802201e-07	9.301447e-02	8.961740e-02	-1.153657e-12	0.000000e+00	-0.000000e+00	-1.153657e-12
3.346309e+05	8.335619e-08	2.356650e-08	1.975537e-08	9.215091e-02	8.909018e-02	1.960456e-13	0.000000e+00	-0.000000e+00	1.960456e-13
3.824353e+05	9.481229e-08	2.121778e-08	2.312588e-08	9.128734e-02	8.852435e-02	7.602884e-13	0.000000e+00	-0.000000e+00	7.602884e-13
0.000000e+00	0.000000e+00	1.513979e-18	0.000000e+00	5.328087e-01	3.737051e-01	0.000000e+00	-nan	-0.000000e+00	-nan
4.785221e+04	6.222886e-08	2.327006e-08	9.039501e-07	1.270297e-01	1.107646e-01	7.853954e-14	0.000000e+00	-0.000000e+00	7.853954e-14
9.560882e+04	6.401779e-08	2.449340e-08	4.272726e-09	1.098540e-01	9.973815e-02	-8.211147e-13	0.000000e+00	-0.000000e+00	-8.211147e-13
1.434132e+05	3.935719e-08	1.679392e-08	6.284141e-09	1.025277e-01	9.543743e-02	-4.649753e-13	0.000000e+00	-0.000000e+00	-4.649753e-13
1.912654e+05	5.514651e-08	2.105347e-08	9.480361e-07	9.849770e-02	9.274190e-02	9.984164e-13	0.000000e+00	-0.000000e+00	9.984164e-13
2.390698e+05	3.694253e-08	2.183200e-08	9.806173e-07	9.526072e-02	9.082863e-02	-2.914688e-14	0.000000e+00	-0.000000e+00	-2.914688e-14
2.868743e+05	3.742192e-08	1.863765e-08	9.091072e-07	9.324573e-02	8.992982e-02	-4.914812e-13	0.000000e+00	-0.000000e+00	-4.914812e-13
3.346309e+05	5.231659e-08	2.007945e-08	1.314459e-08	9.209431e-02	8.927082e-02	5.283896e-13	0.000000e+00	-0.000000e+00	5.283896e-13
3.824353e+05	4.388664e-08	1.999228e-08	1.590543e-08	9.094288e-02	8.841662e-02	-8.536411e-13	0.000000e+00	-0.000000e+00	-8.536411e-13
0.000000e+00	0.000000e+00	1.526133e-18	0.000000e+00	5.316572e-01	3.710912e-01	0.000000e+00	-nan	-0.000000e+00	-nan
4.785221e+04	6.107058e-08	2.200551e-08	9.245290e-07	1.276676e-01	1.103783e-01	-6.724249e-13	0.000000e+00	-0.000000e+00	-6.724249e-13
9.560882e+04	6.719860e-08	2.416709e-08	4.402842e-09	1.092050e-01	9.918936e-02	-4.238761e-13	0.000000e+00	-0.000000e+00	-4.238761e-13
1.434132e+05	5.313104e-08	2.276430e-08	6.693110e-09	1.030217e-01	9.556096e-02	-6.709939e-13	0.000000e+00	-0.000000e+00	-6.709939e-13
1.912654e+05	5.827388e-08	2.762623e-08	9.449107e-07	9.942625e-02	9.354039e-02	-1.742817e-12	0.000000e+00	-0.000000e+00	-1.742817e-12
2.390698e+05	6.342414e-08	2.148297e-08	9.428569e-07	9.712340e-02	9.193522e-02	-5.241693e-13	0.000000e+00	-0.000000e+00	-5.241693e-13
2.868743e+05	5.373839e-08	2.904634e-08	9.423363e-07	9.554299e-02	9.101606e-02	-5.365720e-13	0.000000e+00	-0.000000e+00	-5.365720e-13
3.346309e+05	6.114445e-08	2.697439e-08	1.500850e-08	9.453549e-02	9.056965e-02	3.552744e-13	0.000000e+00	-0.000000e+00	3.552744e-13
3.824353e+05	3.599463e-08	1.913781e-08	1.800766e-08	9.295229e-02	8.948405e-02	6.288219e-13	0.000000e+00	-0.000000e+00	6.288219e-13
0.000000e+00	0.000000e+00	1.502547e-18	0.000000e+00	5.300021e-01	3.702451e-01	0.000000e+00	-nan	-0.000000e+00	-nan
4.785221e+04	-nan	-nan	-nan	1.290541e-01	1.115123e-01	-nan	0.000000e+00	-nan	-nan
9.560882e+04	5.461884e-08	2.546510e-08	4.586824e-09	1.103319e-01	9.970823e-02	1.593587e-12	0.000000e+00	-0.000000e+00	1.593587e-12
1.434132e+05	4.323828e-08	2.027429e-08	6.736314e-09	1.024920e-01	9.532063e-02	-6.193276e-13	0.000000e+00	-0.000000e+00	-6.193276e-13
1.912654e+05	6.957955e-08	2.249577e-08	9.350359e-07	9.918169e-02	9.303457e-02	1.346064e-12	0.000000e+00	-0.000000e+00	1.346064e-12
2.390698e+05	6.042885e-08	2.169015e-08	9.669549e-07	9.659099e-02	9.135976e-02	9.968374e-13	0.000000e+00	-0.000000e+00	9.968374e-13
2.868743e+05	6.207233e-08	2.773980e-08	9.680620e-07	9.536900e-02	9.065690e-02	-1.168998e-12	0.000000e+00	-0.000000e+00	-1.168998e-12
3.346309e+05	7.242677e-08	2.585272e-08	1.561470e-08	9.378579e-02	8.969682e-02	5.754352e-13	0.000000e+00	-0.000000e+00	5.754352e-13
3.824353e+05	5.367752e-08	2.159566e-08	1.817852e-08	9.313951e-02	8.933738e-02	-2.179727e-13	0.000000e+00	-0.000000e+00	-2.179727e-13
0.000000e+00	0.000000e+00	1.518916e-18	0.000000e+00	5.300021e-01	3.668357e-01	0.000000e+00	-nan	-0.000000e+00	-nan
4.785221e+04	5.705109e-08	2.113670e-08	8.923104e-07	1.291110e-01	1.123456e-01	-5.248545e-13	0.000000e+00	-0.000000e+00	-5.248545e-13
9.560882e+04	5.186925e-08	2.683911e-08	4.162696e-09	1.094209e-01	1.005647e-01	3.053890e-13	0.000000e+00	-0.000000e+00	3.053890e-13
1.434132e+05	3.593381e-08	2.045545e-08	6.175416e-09	1.014370e-01	9.539084e-02	-2.829699e-13	0.000000e+00	-0.000000e+00	-2.829699e-13
1.912654e+05	3.897068e-08	2.096954e-08	8.542421e-07	9.762436e-02	9.301378e-02	-5.996444e-13	0.000000e+00	-0.000000e+00	-5.996444e-13
2.390698e+05	4.556983e-08	1.721397e-08	8.372414e-07	9.532151e-02	9.165740e-02	-1.036329e-12	0.000000e+00	-0.000000e+00	-1.036329e-12
2.868743e+05	4.932717e-08	1.782250e-08	8.370150e-07	9.330652e-02	9.044788e-02	-1.025534e-12	0.000000e+00	-0.000000e+00	-1.025534e-12
3.346309e+05	5.541162e-08	2.235980e-08	1.338796e-08	9.244295e-02	8.995447e-02	5.718222e-13	0.000000e+00	-0.000000e+00	5.718222e-13
3.824353e+05	6.320131e-08	1.541991e-08	1.520246e-08	9.143546e-02	8.936251e-02	9.640609e-14	0.000000e+00	-0.000000e+00	9.640609e-14
0.000000e+00	0.000000e+00	1.514304e-18	0.000000e+00	5.308656e-01	3.715519e-01	0.000000e+00	-nan	-0.000000e+00	-nan
4.785221e+04	5.455945e-08	2.305191e-08	9.235312e-07	1.291446e-01	1.114933e-01	-5.131684e-14	0.000000e+00	-0.000000e+00	-5.131684e-14
9.560882e+04	4.555786e-08	2.327274e-08	4.442666e-09	1.110998e-01	1.002176e-01	2.247792e-13	0.000000e+00	-0.000000e+00	2.247792e-13
1.434132e+05	3.630287e-08	1.862508e-08	6.512394e-09	1.033305e-01	9.552627e-02	1.157880e-14	0.000000e+00	-0.000000e+00	1.157880e-14
1.912654e+05	5.706746e-08	2.609253e-08	9.089025e-07	9.901262e-02	9.334981e-02	-5.783634e-13	0.000000e+00	-0.000000e+00	-5.783634e-13
2.390698e+05	4.148297e-08	2.370125e-08	9.158625e-07	9.519993e-02	9.107587e-02	-5.953115e-14	0.000000e+00	-0.000000e+00	-5.953115e-14
2.868743e+05	4.247693e-08	2.320453e-08	9.195103e-07	9.397794e-02	9.036086e-02	1.208349e-13	0.000000e+00	-0.000000e+00	1.208349e-13
3.346309e+05	4.657857e-08	2.581573e-08	1.421985e-08	9.196295e-02	8.906124e-02	9.307936e-13	0.000000e+00	-0.000000e+00	9.307936e-13
3.824353e+05	3.930091e-08	1.778916e-08	1.439210e-08	9.066760e-02	8.833721e-02	5.215148e-13	0.000000e+00	-0.000000e+00	5.215148e-13
0.000000e+00	0.000000e+00	1.510931e-18	0.000000e+00	5.346078e-01	3.707005e-01	0.000000e+00	-nan	-0.000000e+00	-nan
4.785221e+04	5.573651e-08	2.177546e-08	9.362174e-07	1.276124e-01	1.100127e-01	-4.152690e-13	0.000000e+00	-0.000000e+00	-4.152690e-13
9.560882e+04	5.647752e-08	2.481640e-08	4.708214e-09	1.069063e-01	9.725731e-02	-4.787704e-13	0.000000e+00	-0.000000e+00	-4.787704e-13
1.434132e+05	4.382340e-08	2.001868e-08	6.893853e-09	9.950101e-02	9.322538e-02	8.845594e-14	0.000000e+00	-0.000000e+00	8.845594e-14
1.912654e+05	6.089752e-08	2.850461e-08	9.662690e-07	9.612289e-02	9.141349e-02	-7.980882e-13	0.000000e+00	-0.000000e+00	-7.980882e-13
2.390698e+05	4.880036e-08	1.888087e-08	1.002259e-06	9.403733e-02	9.006852e-02	4.697188e-13	0.000000e+00	-0.000000e+00	4.697188e-13
2.868743e+05	4.121909e-08	2.483463e-08	1.047321e-06	9.288591e-02	8.922152e-02	-7.343782e-13	0.000000e+00	-0.000000e+00	-7.343782e-13
3.346309e+05	5.832600e-08	3.704544e-08	1.827071e-08	9.130270e-02	8.845354e-02	-1.812269e-12	0.000000e+00	-0.000000e+00	-1.812269e-12
3.824353e+05	4.733943e-08	2.114117e-08	2.108946e-08	9.043914e-02	8.797578e-02	2.098385e-12	0.000000e+00	-0.000000e+00	2.098385e-12
0.000000e+00	0.000000e+00	1.511585e-18	0.000000e+00	5.304339e-01	3.720920e-01	0.000000e+00	-nan	-0.000000e+00	-nan
4.785221e+04	-nan	-nan	-nan	1.271579e-01	1.092445e-01	-nan	0.000000e+00	-nan	-nan
9.560882e+04	5.976162e-08	2.332675e-08	4.557052e-09	1.084273e-01	9.753999e-02	5.140507e-13	0.000000e+00	-0.000000e+00	5.140507e-13
1.434132e+05	4.735805e-08	2.143598e-08	6.685782e-09	1.021001e-01	9.411661e-02	-7.664722e-13	0.000000e+00	-0.000000e+00	-7.664722e-13
1.912654e+05	4.904103e-08	2.356832e-08	9.240207e-07	9.836076e-02	9.239531e-02	2.047035e-13	0.000000e+00	-0.000000e+00	2.047035e-13
2.390698e+05	3.632900e-08	1.760509e-08	9.242152e-07	9.656306e-02	9.145169e-02	6.611963e-13	0.000000e+00	-0.000000e+00	6.611963e-13
2.868743e+05	5.151237e-08	2.446653e-08	9.068387e-07	9.512378e-02	9.082947e-02	-9.931520e-14	0.000000e+00	-0.000000e+00	-9.931520e-14
3.346309e+05	3.827561e-08	2.287803e-08	1.324005e-08	9.411628e-02	9.028608e-02	7.536449e-13	0.000000e+00	-0.000000e+00	7.536449e-13
3.824353e+05	2.581378e-08	1.557871e-08	1.386007e-08	9.296486e-02	8.950563e-02	1.066461e-13	0.000000e+00	-0.000000e+00	1.066461e-13
0.000000e+00	0.000000e+00	1.524867e-18	0.000000e+00	5.361190e-01	3.756785e-01	0.000000e+00	-nan	-0.000000e+00	-nan
4.785221e+04	6.038034e-08	2.154024e-08	9.015829e-07	1.282600e-01	1.113514e-01	-1.286265e-13	0.000000e+00	-0.000000e+00	-1.286265e-13
9.560882e+04	5.951374e-08	2.569094e-08	4.448756e-09	1.088549e-01	9.896204e-02	2.479146e-13	0.000000e+00	-0.000000e+00	2.479146e-13
1.434132e+05	6.190669e-08	1.993966e-08	6.885320e-09	1.019492e-01	9.493588e-02	-5.314234e-13	0.000000e+00	-0.000000e+00	-5.314234e-13
1.912654e+05	6.998598e-08	2.041558e-08	9.638444e-07	9.741964e-02	9.232544e-02	1.314104e-12	0.000000e+00	-0.000000e+00	1.314104e-12
2.390698e+05	6.491111e-08	2.075549e-08	9.554146e-07	9.562194e-02	9.128294e-02	7.952243e-13	0.000000e+00	-0.000000e+00	7.952243e-13
2.868743e+05	5.018019e-08	2.539275e-08	9.880808e-07	9.425602e-02	9.036110e-02	-1.426306e-12	0.000000e+00	-0.000000e+00	-1.426306e-12
3.346309e+05	4.567010e-08	2.178218e-08	1.662412e-08	9.267281e-02	8.945486e-02	7.670553e-13	0.000000e+00	-0.000000e+00	7.670553e-13
3.824353e+05	3.622598e-08	1.928935e-08	1.796158e-08	9.123353e-02	8.878272e-02	-6.034032e-13	0.000000e+00	-0.000000e+00	-6.034032e-13
0.000000e+00	0.000000e+00	1.528015e-18	0.000000e+00	5.315853e-01	3.702775e-01	0.000000e+00	-nan	-0.000000e+00	-nan
4.785221e+04	5.964162e-08	2.407442e-08	8.851357e-07	1.298335e-01	1.125809e-01	-8.873126e-13	0.000000e+00	-0.000000e+00	-8.873126e-13
9.560882e+04	5.909775e-08	2.365476e-08	4.090201e-09	1.093531e-01	9.992825e-02	-6.289430e-14	0.000000e+00	-0.000000e+00	-6.289430e-14
1.434132e+05	4.294947e-08	1.910893e-08	5.905589e-09	1.033871e-01	9.629070e-02	5.007192e-15	0.000000e+00	-0.000000e+00	5.007192e-15
1.912654e+05	5.670385e-08	2.385183e-08	8.931075e-07	9.799116e-02	9.280531e-02	-1.116458e-12	0.000000e+00	-0.000000e+00	-1.116458e-12
2.390698e+05	-nan	-nan	-nan	9.609180e-02	9.133409e-02	-nan	0.000000e+00	-nan	-nan
2.868743e+05	3.746401e-08	2.281407e-08	9.291708e-07	9.432240e-02	9.047922e-02	6.868508e-13	0.000000e+00	-0.000000e+00	6.868508e-13
3.346309e+05	5.434557e-08	2.366514e-08	1.518499e-08	9.302705e-02	8.967314e-02	9.093345e-13	0.000000e+00	-0.000000e+00	9.093345e-13
3.824353e+05	3.509385e-08	1.844126e-08	1.677101e-08	9.201955e-02	8.910066e-02	-3.921717e-13	0.000000e+00	-0.000000e+00	-3.921717e-13
0.000000e+00	0.000000e+00	1.499143e-18	0.000000e+00	5.380620e-01	3.743575e-01	0.000000e+00	-nan	-0.000000e+00	-nan
0.000000e+00	0.000000e+00	1.521943e-18	0.000000e+00	5.300021e-01	3.677155e-01	0.000000e+00	-nan	-0.000000e+00	-nan
0.000000e+00	0.000000e+00	1.463381e-18	0.000000e+00	5.316572e-01	3.703747e-01	0.000000e+00	-nan	-0.000000e+00	-nan
4.785221e+04	4.461064e-04	3.585151e-04	4.626367e-06	1.228301e-01	1.078372e-01	6.547834e-04	-nan	-0.000000e+00	-nan
9.560882e+04	3.986433e-04	1.107197e-04	1.328768e-06	1.041194e-01	9.625681e-02	-2.246921e-04	-nan	-0.000000e+00	-nan
1.434132e+05	9.724209e-05	2.292898e-04	1.148494e-06	9.980161e-02	9.354254e-02	-1.136217e-04	-nan	-0.000000e+00	-nan
1.912654e+05	4.061712e-04	1.491934e-04	1.825925e-06	9.721091e-02	9.211805e-02	3.090930e-04	-nan	-0.000000e+00	-nan
2.390698e+05	5.146532e-08	1.604692e-08	9.054072e-07	9.548377e-02	9.125297e-02	-2.879111e-13	-nan	-0.000000e+00	-nan
2.868743e+05	3.114970e-08	1.741458e-08	9.267156e-07	9.390056e-02	9.016966e-02	-2.208240e-13	-nan	-0.000000e+00	-nan
3.346309e+05	4.295932e-08	2.091724e-08	1.454785e-08	9.274914e-02	8.945516e-02	8.114516e-14	-nan	-0.000000e+00	-nan
3.824353e+05	5.310473e-08	1.424279e-08	1.678931e-08	9.231736e-02	8.914488e-02	-3.473684e-13	-nan	-0.000000e+00	-nan
0.000000e+00	0.000000e+00	1.521044e-18	0.000000e+00	5.346797e-01	3.698004e-01	0.000000e+00	-nan	-0.000000e+00	-nan
4.785221e+04	5.985474e-08	2.181474e-08	8.925588e-07	1.302045e-01	1.120374e-01	2.104334e-13	0.000000e+00	-0.000000e+00	2.104334e-13
9.560882e+04	5.973727e-08	2.753324e-08	4.266857e-09	1.110956e-01	1.007268e-01	-3.376003e-14	0.000000e+00	-0.000000e+00	-3.376003e-14
1.434132e+05	4.863779e-08	2.370344e-08	6.718727e-09	1.034702e-01	9.607480e-02	6.488578e-15	0.000000e+00	-0.000000e+00	6.488578e-15
1.912654e+05	5.124736e-08	2.946238e-08	9.051363e-07	9.987479e-02	9.390627e-02	-2.146903e-13	0.000000e+00	-0.000000e+00	-2.146903e-13
2.390698e+05	4.564016e-08	2.401935e-08	8.752351e-07	9.800373e-02	9.296993e-02	-1.181590e-13	0.000000e+00	-0.000000e+00	-1.181590e-13
2.868743e+05	5.849689e-08	3.079612e-08	9.012200e-07	9.634996e-02	9.179181e-02	1.882742e-13	0.000000e+00	-0.000000e+00	1.882742e-13
3.346309e+05	6.698663e-08	2.829853e-08	1.720517e-08	9.534246e-02	9.118690e-02	1.638403e-12	0.000000e+00	-0.000000e+00	1.638403e-12
3.824353e+05	3.672787e-08	2.589962e-08	1.724757e-08	9.404711e-02	9.051825e-02	2.188076e-13	0.000000e+00	-0.000000e+00	2.188076e-13
0.000000e+00	0.000000e+00	1.519825e-18	0.000000e+00	5.338162e-01	3.711196e-01	0.000000e+00	-nan	-0.000000e+00	-nan
4.785221e+04	6.786028e-08	4.061097e-08	9.234543e-07	4.245873e-02	2.512079e-02	-8.318324e-13	-nan	-nan	-nan
9.560882e+04	7.383154e-08	4.301348e-08	1.232463e-09	2.633880e-02	1.566980e-02	-6.760553e-13	-nan	-nan	-nan
1.434132e+05	7.724847e-08	4.387627e-08	1.269605e-09	1.914241e-02	1.103391e-02	-2.012860e-12	-nan	-nan	-nan
1.912654e+05	7.986037e-08	4.403685e-08	9.157654e-07	1.583207e-02	9.251128e-03	-2.188489e-12	-nan	-nan	-nan
2.390698e+05	7.407559e-08	4.387124e-08	9.170611e-07	1.252173e-02	7.347002e-03	-9.168559e-13	-nan	-nan	-nan
2.868743e+05	7.713400e-08	4.416472e-08	8.730538e-07	1.079459e-02	6.614762e-03	-9.340828e-14	-nan	-nan	-nan
3.346309e+05	8.175253e-08	4.421669e-08	1.315685e-09	8.779601e-03	5.346249e-03	-1.407349e-12	-nan	-nan	-nan
3.824353e+05	8.381717e-08	4.522405e-08	1.342028e-09	8.347818e-03	5.077698e-03	-1.464556e-12	-nan	-nan	-nan
0.000000e+00	0.000000e+00	1.506299e-18	0.000000e+00	5.345358e-01	3.676253e-01	0.000000e+00	-nan	-0.000000e+00	-nan
4.785221e+04	1.090243e-04	2.297136e-05	2.108355e-06	3.950821e-02	2.267948e-02	1.270320e-05	-nan	-nan	-nan
9.560882e+04	9.077389e-05	1.938091e-05	4.345879e-07	2.396399e-02	1.348496e-02	8.950341e-06	-nan	-nan	-nan
1.434132e+05	7.797158e-08	2.774262e-08	1.680546e-09	1.907045e-02	1.083832e-02	-1.306077e-12	-nan	-nan	-nan
1.912654e+05	7.900549e-08	2.705663e-08	9.636617e-07	1.576010e-02	8.899415e-03	-1.192941e-12	-nan	-nan	-nan
2.390698e+05	8.262372e-08	2.786286e-08	9.722196e-07	1.302547e-02	7.303785e-03	-5.576366e-13	-nan	-nan	-nan
2.868743e+05	8.002525e-08	2.864923e-08	9.911043e-07	1.086656e-02	6.036369e-03	1.412963e-12	-nan	-nan	-nan
3.346309e+05	8.246355e-08	2.961630e-08	1.764335e-09	1.014692e-02	5.702049e-03	1.579307e-12	-nan	-nan	-nan
3.824353e+05	7.782321e-08	2.902871e-08	1.546365e-09	9.139421e-03	5.185250e-03	1.655117e-12	-nan	-nan	-nan
0.000000e+00	0.000000e+00	1.500182e-18	0.000000e+00	5.329526e-01	3.748278e-01	0.000000e+00	-nan	-0.000000e+00	-nan
0.000000e+00	0.000000e+00	1.517594e-18	0.000000e+00	5.318731e-01	3.707092e-01	0.000000e+00	-nan	-0.000000e+00	-nan
4.785221e+04	6.099892e-04	2.827936e-04	1.112703e-05	1.247011e-01	1.069090e-01	7.367470e-04	-nan	-0.000000e+00	-nan
9.560882e+04	1.559710e-04	1.779710e-04	2.556752e-06	1.082934e-01	9.782442e-02	1.412200e-04	-nan	-0.000000e+00	-nan
1.434132e+05	4.627037e-04	6.212203e-06	3.627299e-07	1.006652e-01	9.340541e-02	-1.464362e-05	-nan	-0.000000e+00	-nan
1.912654e+05	5.087811e-08	2.165256e-08	1.049292e-06	9.692305e-02	9.099106e-02	5.062157e-13	-nan	-0.000000e+00	-nan
2.390698e+05	4.932215e-08	1.876717e-08	1.052632e-06	9.404449e-02	8.944639e-02	5.351274e-13	-nan	-0.000000e+00	-nan
2.868743e+05	5.016254e-08	2.586487e-08	1.086381e-06	9.332485e-02	8.885084e-02	9.432010e-13	-nan	-0.000000e+00	-nan
3.346309e+05	3.932276e-08	2.260542e-08	1.773199e-08	9.231736e-02	8.830035e-02	-1.799628e-13	-nan	-0.000000e+00	-nan
3.824353e+05	4.599045e-08	1.993462e-08	2.058443e-08	9.174165e-02	8.788980e-02	-1.298548e-12	-nan	-0.000000e+00	-nan
0.000000e+00	0.000000e+00	1.514282e-18	0.000000e+00	5.324488e-01	3.724434e-01	0.000000e+00	-nan	-0.000000e+00	-nan
4.785221e+04	6.491833e-08	2.816342e-08	9.592781e-07	3.965213e-02	2.336719e-02	-2.102997e-12	-nan	-nan	-nan
9.560882e+04	-nan	-nan	-nan	2.295650e-02	1.378183e-02	-nan	-nan	-nan	-nan
1.434132e+05	7.175861e-08	3.280390e-08	1.813535e-09	1.791902e-02	1.108272e-02	-2.095407e-12	-nan	-nan	-nan
1.912654e+05	7.635983e-08	3.567204e-08	9.321335e-07	1.432083e-02	8.804303e-03	-2.434797e-12	-nan	-nan	-nan
2.390698e+05	7.976173e-08	3.785120e-08	9.457040e-07	1.216191e-02	7.481974e-03	-2.981498e-12	-nan	-nan	-nan
2.868743e+05	7.828678e-08	3.532278e-08	9.536558e-07	1.072263e-02	6.564518e-03	-3.191753e-12	-nan	-nan	-nan
3.346309e+05	7.579569e-08	3.478695e-08	1.725307e-09	9.571205e-03	5.928205e-03	-4.061475e-12	-nan	-nan	-nan
3.824353e+05	7.789518e-08	3.576362e-08	1.739763e-09	8.995493e-03	5.681487e-03	-4.259504e-12	-nan	-nan	-nan
0.000000e+00	0.000000e+00	1.493321e-18	0.000000e+00	5.340321e-01	3.712629e-01	0.000000e+00	-nan	-0.000000e+00	-nan
0.000000e+00	0.000000e+00	1.503422e-18	0.000000e+00	5.340321e-01	3.756768e-01	0.000000e+00	-nan	-0.000000e+00	-nan
4.785221e+04	4.544497e-09	4.773145e-09	8.831994e-07	7.664160e-02	4.726482e-02	-2.663725e-16	-nan	-nan	-nan
9.560882e+04	4.755667e-09	5.236985e-09	1.213739e-10	4.461765e-02	2.796011e-02	1.897469e-15	-nan	-nan	-nan
1.434132e+05	4.914705e-09	5.670982e-09	1.323274e-10	3.274359e-02	2.011706e-02	5.615386e-15	-nan	-nan	-nan
1.912654e+05	4.878278e-09	5.875035e-09	9.090710e-07	2.641077e-02	1.602089e-02	-5.641672e-16	-nan	-nan	-nan
2.390698e+05	4.955818e-09	6.039262e-09	9.116882e-07	2.252471e-02	1.360074e-02	-7.480937e-15	-nan	-nan	-nan
2.868743e+05	4.864275e-09	6.164344e-09	8.939034e-07	1.928634e-02	1.190073e-02	-1.732929e-15	-nan	-nan	-nan
3.346309e+05	4.874535e-09	6.317704e-09	1.376320e-10	1.748724e-02	1.068422e-02	-9.654418e-15	-nan	-nan	-nan
3.824353e+05	4.938143e-09	6.121796e-09	1.262753e-10	1.604796e-02	9.990599e-03	-9.093755e-15	-nan	-nan	-nan
0.000000e+00	0.000000e+00	1.516660e-18	0.000000e+00	5.330246e-01	3.718226e-01	0.000000e+00	-nan	-0.000000e+00	-nan
4.785221e+04	6.122525e-04	2.782443e-04	9.870256e-06	1.238376e-01	1.078647e-01	7.703178e-04	-nan	-0.000000e+00	-nan
9.560882e+04	1.838713e-04	1.271582e-04	5.008001e-06	2.331632e-02	1.403538e-02	1.189590e-04	-nan	-nan	-nan
1.434132e+05	5.724033e-08	2.201196e-08	2.347119e-09	1.698349e-02	1.005360e-02	1.757596e-13	-nan	-nan	-nan
1.912654e+05	6.064814e-08	2.250646e-08	8.845824e-07	1.424886e-02	8.337634e-03	1.821441e-14	-nan	-nan	-nan
2.390698e+05	6.422391e-08	2.334377e-08	8.768403e-07	1.237780e-02	7.346703e-03	-3.429258e-14	-nan	-nan	-nan
2.868743e+05	6.830852e-08	2.465998e-08	8.669452e-07	1.079459e-02	6.486351e-03	-5.105220e-14	-nan	-nan	-nan
3.346309e+05	7.310057e-08	2.620190e-08	2.413388e-09	9.355313e-03	5.454084e-03	-3.295449e-14	-nan	-nan	-nan
3.824353e+05	7.932252e-08	2.295408e-08	2.553418e-09	7.628178e-03	4.337266e-03	1.174933e-12	-nan	-nan	-nan
0.000000e+00	0.000000e+00	1.501417e-18	0.000000e+00	5.309376e-01	3.705775e-01	0.000000e+00	-nan	-0.000000e+00	-nan
4.785221e+04	7.001539e-07	3.644540e-07	8.372991e-07	5.309376e-01	3.705826e-01	4.390105e-11	0.000000e+00	-0.000000e+00	4.390105e-11
0.000000e+00	0.000000e+00	1.523761e-18	0.000000e+00	5.323769e-01	3.709889e-01	0.000000e+00	-nan	-0.000000e+00	-nan
4.785221e+04	2.328198e-04	6.820206e-06	9.534235e-07	3.756518e-02	2.132454e-02	-8.069435e-06	-nan	-nan	-nan
9.560882e+04	-nan	-nan	-nan	2.346025e-02	1.291528e-02	-nan	-nan	-nan	-nan
1.434132e+05	6.344774e-08	3.270719e-08	1.923713e-09	1.597600e-02	8.517281e-03	-5.621249e-13	-nan	-nan	-nan
1.912654e+05	6.621279e-08	3.317684e-08	1.057746e-06	1.223387e-02	6.446193e-03	2.124072e-13	-nan	-nan	-nan
2.390698e+05	6.768031e-08	3.379830e-08	1.031458e-06	1.036281e-02	5.604522e-03	-9.512383e-14	-nan	-nan	-nan
2.868743e+05	7.169140e-08	3.525106e-08	1.046440e-06	9.067457e-03	4.885133e-03	-1.966421e-13	-nan	-nan	-nan
3.346309e+05	7.149629e-08	3.238825e-08	2.186347e-09	7.628178e-03	4.043393e-03	-8.082463e-13	-nan	-nan	-nan
3.824353e+05	7.537319e-08	3.283907e-08	2.266938e-09	6.764611e-03	3.558417e-03	-6.451530e-13	-nan	-nan	-nan
